46,12,40,7,6,62,53,51,32,50,33,11,16,49,28,56,30,24,12,44,26,15,42,50,39,20,21,11,31,40,25,49,44,21,25,10,61,8,16,29,18,0,17,47,46,59,29,7,59,10,24,56,8,43,48,4,13,43,40,59,4,8,50,57,61,35,25,36,47,8,46,25,7,29,40,56,45,24,63,26,24,17,6,20,20,60,29,10,50,46,4,7,27,51,56,0,35,20,59,11,17,5,3,24,5,57,48,49,38,34,30,23,62,17,27,57,56,38,32,11,16,31,30,8,34,39,37,33,44,25,55,36,42,57,49,24,48,63,24,16,40,39,53,52,0,47,56,16,42,61,23,25,13,15,58,46,13,35,19,24,15,50,15,4,26,38,45,26,43,19,25,7,12,13,62,61,42,54,10,25,51,46,29,11,25,60,14,61,62,36,61,50,40,62,49,16,0,9,9,7,62,28,48,54,23,48,1,37,24,63,36,57,23,56,39,51,18,7,59,56,29,44,50,53,57,29,59,32,2,7,51,31,60,5,1,49,23,20,43,22,62,48,60,13,34,41,53,22,36,7,44,41,59,17,11,46,62,45,20,56,31,7,39,1,30,5,10,29,21,4,36,19,30,34,30,26,55,12,11,21,40,59,55,44,2,11,53,13,17,26,8,55,51,36,41,18,9,21,39,15,0,5,43,40,45,15,48,15,48,61,23,61,6,42,51,60,52,38,48,5,34,13,57,30,13,47,42,52,8,37,6,23,10,16,35,11,39,4,46,5,4,2,37,4,3,37,50,31,17,29,31,28,39,22,9,9,49,48,17,45,46,52,51,14,42,43,59,2,37,1,61,22,27,44,15,22,52,12,26,26,30,51,20,2,37,30,33,59,16,4,23,49,19,63,44,21,51,45,12,17,7,51,60,34,59,10,11,59,47,23,18,24,13,17,22,32,7,9,40,28,49,41,8,47,16,11,58,60,0,35,36,49,35,41,0,34,36,27,8,12,27,58,25,51,25,60,39,25,27,11,18,45,15,12,56,6,58,30,43,3,59,11,40,39,58,18,6,16,45,62,33,3,61,16,43,7,4,24,16,29,15,18,20,3,62,30,32,37,13,21,16,31,29,45,0,22,35,4,44,23,37,56,54,14,17,9,57,13,32,63,8,44,45,26,40,15,16,33,51,5,22,51,14,0,6,44,15,42,34,11,10,27,61,2,28,53,27,37,47,13,22,8,2,30,59,26,46,30,61,61,14,60,60,38,32,63,27,19,56,25,28,15,42,40,25,2,4,35,45,51,63,21,55,28,43,15,30,0,17,5,39,44,43,55,19,9,44,17,31,44,47,4,2,7,27,41,22,51,48,46,1,17,13,58,39,58,15,50,47,38,23,61,7,25,20,63,18,10,54,20,14,60,35,45,27,41,45,59,31,28,36,51,20,28,25,34,53,31,2,25,41,57,10,15,42,24,50,39,35,52,56,55,8,47,53,62,30,58,63,6,53,21,18,17,9,13,28,9,29,58,56,46,3,12,2,8,7,62,39,8,23,29,20,24,43,34,39,20,47,3,49,51,58,24,30,6,61,21,28,57,38,31,47,12,23,36,1,46,16,28,27,62,50,9,25,37,31,37,42,10,26,44,48,28,44,62,21,54,16,47,2,16,3,2,52,37,62,54,38,44,29,29,39,45,16,55,38,10,28,16,46,28,36,14,4,10,54,8,55,17,22,6,20,11,43,29,48,43,26,42,1,14,20,32,47,40,9,12,50,1,0,47,29,50,17,22,31,21,32,15,11,2,8,41,40,53,44,13,50,40,30,8,12,44,49,54,50,12,8,62,24,8,42,4,17,20,26,51,42,58,24,60,19,57,52,1,18,13,15,23,20,11,12,48,62,2,47,42,4,63,16,12,34,42,56,7,58,26,5,41,30,13,51,22,8,18,2,13,0,49,42,23,20,13,4,1,22,19,22,13,56,54,36,32,62,40,58,51,63,59,38,50,27,39,33,31,35,27,60,56,38,29,10,39,16,0,62,14,30,27
31,48,61,47,9,14,15,36,52,16,16,56,18,23,29,11,3,37,27,44,5,32,37,6,6,28,12,40,13,41,61,5,41,3,51,49,61,14,16,0,17,60,2,54,26,34,12,4,33,33,26,11,50,36,24,33,59,11,22,42,8,40,28,23,12,35,39,21,27,25,0,48,56,38,24,41,53,0,33,7,34,56,30,10,21,42,3,37,18,18,36,37,7,51,29,52,18,43,14,30,11,54,6,28,58,2,42,45,48,30,63,53,54,11,39,51,18,58,6,53,27,13,50,39,39,18,22,20,62,2,6,56,15,51,28,63,20,9,1,38,17,3,43,19,47,19,21,63,17,25,4,15,62,23,47,47,35,32,51,16,15,17,36,41,44,33,57,40,38,3,50,49,23,50,19,21,5,19,56,56,32,45,22,5,10,49,49,26,37,38,9,25,18,2,19,0,24,13,35,30,45,22,63,63,41,31,58,13,40,16,30,44,20,23,7,6,24,61,52,28,0,35,45,55,58,29,3,35,18,18,42,6,25,55,56,54,37,11,33,25,2,31,54,25,29,20,37,11,27,34,59,9,22,23,28,14,63,46,18,34,37,31,24,55,27,55,3,57,38,6,3,28,45,44,43,4,52,23,58,2,10,52,54,63,11,5,40,11,48,43,31,31,31,45,31,8,33,51,6,4,31,48,19,34,37,60,9,3,20,32,28,61,19,10,21,34,18,3,6,33,15,0,11,53,11,21,58,11,47,44,7,23,23,27,52,1,23,48,13,8,23,27,10,15,54,61,16,28,44,54,18,36,44,46,28,47,10,2,13,6,4,5,35,5,32,47,3,63,39,28,1,39,19,26,10,54,41,11,32,28,40,17,12,10,14,31,21,16,4,55,53,40,33,63,9,3,16,22,47,33,52,61,5,53,9,49,47,35,42,21,36,47,13,23,18,32,33,56,6,53,3,28,34,58,3,16,11,20,2,60,34,10,60,31,1,48,23,27,58,26,28,8,34,19,33,6,49,44,1,54,42,27,17,1,53,54,53,46,36,43,11,14,42,41,51,36,26,41,21,32,26,8,49,63,18,52,53,17,42,33,4,19,39,14,56,10,18,16,41,52,13,35,49,57,5,38,23,39,57,9,33,63,26,5,49,54,48,36,30,5,10,62,18,8,18,53,48,24,3,25,13,50,52,40,4,31,10,52,48,6,48,36,8,18,4,48,15,22,11,11,49,12,56,53,37,18,1,43,13,9,14,26,30,47,35,23,49,63,46,14,6,35,1,21,57,24,3,27,4,56,54,28,57,53,4,44,13,56,40,23,34,11,33,48,49,50,11,47,18,3,24,20,8,54,38,50,33,46,21,61,53,7,2,31,35,1,41,55,27,40,2,35,56,30,32,44,50,15,11,35,19,27,53,16,13,46,4,54,4,46,27,2,51,25,0,32,61,56,5,53,51,29,58,18,38,12,34,11,27,23,9,20,39,47,19,50,9,18,47,13,15,43,47,29,45,47,63,14,4,62,1,24,4,53,11,22,3,31,26,57,62,39,53,20,51,61,23,12,23,9,58,21,59,60,27,39,34,2,2,37,25,22,42,37,53,41,17,61,60,25,24,60,24,9,45,40,6,38,35,17,13,52,62,21,30,59,38,38,19,53,53,2,19,51,56,30,38,11,52,3,53,31,63,8,14,31,49,60,24,58,6,10,9,5,55,31,27,50,4,39,13,3,37,37,27,34,27,26,44,26,14,18,2,45,28,35,43,40,35,18,13,59,33,24,39,58,31,32,7,22,5,36,13,31,48,8,23,27,35,14,30,18,23,29,30,19,16,58,44,42,46,50,62,28,5,39,54,23,7,27,15,59,3,13,53,7,22,21,50,54,54,28,3,46,30,47,45,54,20,10,33,27,59,26,34,8,9,7,43,44,36,26,54,10,45,23,17,2,20,44,13,52,39,0,8,1,16,9,47,45,25,5,48,32,61,62,6,51,4,16,59,53,56,12,10,23,1,45,18,10,20,21,22,8,52,34,2,17,21,57
7,43,63,50,50,19,30,1,38,62,48,25,62,1,37,41,17,38,25,12,24,11,38,59,5,60,15,54,53,50,12,18,56,10,62,6,58,56,27,63,48,33,23,61,19,37,23,47,38,38,60,49,36,49,45,3,14,27,16,31,35,24,20,46,44,21,50,11,14,12,12,34,1,41,4,32,45,1,1,51,30,40,13,20,16,7,36,52,11,4,28,9,50,55,27,21,44,29,54,29,22,33,20,12,31,2,63,29,57,9,27,1,57,19,3,42,1,6,46,45,26,53,26,48,3,42,3,19,14,17,48,15,5,52,61,45,63,20,50,7,57,37,32,52,21,24,37,19,1,49,14,58,37,51,30,10,40,51,62,16,27,50,44,44,25,37,57,4,47,37,8,15,38,16,57,60,43,16,27,35,31,20,43,20,40,49,20,50,37,0,44,27,14,52,45,50,48,14,38,4,37,0,11,36,34,3,46,21,37,52,22,47,60,51,35,13,18,32,18,40,48,60,36,42,30,49,34,46,9,62,32,35,1,58,0,23,9,38,15,27,45,61,10,19,59,57,41,32,60,58,0,33,43,5,50,23,41,45,7,42,36,35,16,18,49,37,60,28,52,18,23,36,6,3,12,17,49,24,8,7,0,21,17,41,1,21,50,5,34,24,63,28,7,9,50,17,62,42,38,28,31,4,54,55,19,31,49,28,4,50,31,0,58,28,7,11,57,59,34,9,58,40,32,41,25,5,18,58,4,22,21,43,5,8,32,3,56,46,13,52,7,25,33,61,2,60,3,19,49,46,17,26,52,17,54,60,19,32,8,34,33,1,3,4,27,28,63,3,44,36,5,43,1,18,62,59,22,41,53,18,24,50,9,4,57,39,27,29,62,35,63,34,48,44,48,43,35,9,62,54,33,12,46,37,42,27,25,8,58,55,47,32,40,14,58,32,3,52,21,44,24,46,35,8,61,36,24,48,50,50,18,33,34,10,39,23,13,45,25,22,33,12,5,39,31,2,41,51,19,14,41,33,7,22,59,36,61,10,34,43,5,6,42,26,12,54,49,63,56,7,1,21,49,40,5,62,37,6,22,44,12,10,24,25,1,55,40,11,47,19,26,0,60,26,25,15,2,12,54,46,21,27,41,3,40,42,51,5,24,38,43,39,17,27,39,38,55,63,55,37,2,12,63,11,10,56,1,18,59,27,21,10,46,33,63,18,2,41,59,4,2,42,22,1,5,11,53,49,29,13,48,54,53,15,16,33,56,52,34,48,39,55,23,59,8,1,23,31,36,0,8,30,6,53,45,6,31,48,43,2,51,49,63,20,20,53,52,56,20,17,30,18,15,55,26,14,9,57,52,16,41,47,10,54,59,46,60,45,0,11,50,45,34,8,44,33,25,55,25,10,56,50,34,36,63,25,29,62,60,36,15,44,37,24,11,25,33,23,18,24,14,58,50,37,20,63,32,9,22,28,59,9,18,6,63,42,43,21,41,43,28,57,37,4,6,60,28,20,48,18,35,9,59,49,59,35,63,4,32,30,12,55,46,17,37,31,37,48,49,43,53,62,17,10,25,56,11,0,10,60,25,63,30,32,10,23,1,30,41,6,51,8,24,57,17,39,1,53,18,13,2,33,37,60,34,22,30,56,37,61,58,50,31,21,51,38,57,30,59,49,25,1,12,56,14,48,29,41,6,32,55,42,16,24,2,42,11,45,21,19,28,5,4,47,19,56,2,14,31,10,10,4,34,43,6,29,32,32,17,38,20,24,16,2,46,41,58,55,54,42,52,30,43,24,17,54,40,15,31,34,7,7,33,63,47,59,49,19,21,16,30,19,20,42,13,33,25,52,10,10,42,35,59,29,44,57,53,60,22,0,26,57,11,35,38,40,28,37,51,21,61,12,60,0,2,25,15,50,55,39,21,56,21,42,55,59,18,49,12,35,56,8,19,40,41,1,59,47,23,2,59,18,10,35,63,36,59,20,17,58,47,46,10,4,11,13,10,44,52,36,27,35,12,16,28,43,3,46,23,9
12,3,50,16,1,48,13,50,6,57,50,55,34,29,21,36,42,53,31,58,14,35,53,27,57,5,58,12,39,57,13,16,12,62,41,36,52,51,49,21,26,36,51,62,6,55,51,56,4,32,19,45,42,27,24,60,9,58,22,0,15,5,19,55,28,48,37,21,16,38,28,34,60,30,0,47,40,56,46,36,1,33,3,26,39,1,59,44,30,48,38,19,0,49,7,15,35,37,35,8,35,37,50,31,53,26,10,29,38,0,25,18,38,25,48,23,24,25,34,48,60,59,47,48,15,3,37,39,16,30,7,22,14,57,2,19,29,36,23,18,44,24,26,57,60,14,24,23,24,12,17,50,1,45,62,15,1,7,35,20,7,53,26,28,12,36,8,54,23,33,1,13,45,62,27,44,37,60,54,55,0,38,17,33,22,49,39,44,12,0,21,51,25,20,51,41,52,33,25,28,61,56,18,10,44,43,0,29,18,17,20,3,60,54,16,2,43,5,58,22,48,39,27,32,50,2,46,7,27,29,58,40,27,16,36,43,38,36,40,16,18,31,59,38,19,47,42,10,46,63,3,55,24,21,20,36,17,47,46,27,13,55,58,36,6,14,25,56,6,54,52,3,19,36,20,13,32,44,7,33,29,24,53,15,17,18,29,56,55,56,40,25,53,57,45,20,36,50,17,40,53,40,58,59,47,55,14,40,4,22,9,54,10,34,61,61,25,59,9,35,51,62,32,22,52,51,38,7,23,52,44,1,7,33,22,44,5,20,50,30,42,52,19,22,31,63,0,62,3,59,15,29,4,36,21,54,21,26,52,47,13,2,7,45,33,14,11,50,24,51,60,24,19,31,8,38,2,15,3,52,30,10,33,47,29,53,57,27,20,10,19,53,59,58,57,12,36,25,48,31,33,20,40,29,34,49,44,41,23,0,21,19,36,45,26,60,34,19,60,34,33,44,5,62,45,42,12,27,2,23,33,25,38,7,19,3,60,6,38,0,55,22,47,46,61,39,38,48,36,3,10,45,0,47,15,34,33,42,30,56,5,15,39,12,55,13,39,58,42,45,30,35,38,43,35,31,61,14,22,55,44,20,10,57,45,63,7,4,10,36,59,10,60,31,20,17,1,54,12,41,19,30,1,54,5,14,2,15,11,8,25,23,20,11,11,30,32,3,10,1,58,26,42,38,9,20,60,9,21,42,25,22,30,17,59,58,52,12,32,41,61,5,9,50,17,13,47,58,29,56,38,1,34,8,22,21,22,54,39,62,62,4,37,62,7,59,59,31,30,61,27,49,26,11,31,39,30,44,17,20,15,22,61,6,29,28,57,12,39,2,44,4,3,45,31,60,49,29,47,52,46,24,41,62,0,12,27,11,17,51,24,23,42,56,37,31,5,43,60,16,52,55,45,33,62,28,23,52,0,34,47,22,27,13,23,49,53,37,36,62,29,35,8,34,17,10,52,30,8,45,22,19,9,39,47,40,20,23,3,24,18,50,48,2,54,32,37,50,14,61,39,3,3,15,10,13,34,19,58,39,56,44,49,62,14,25,29,20,14,10,50,58,22,25,33,50,9,26,6,46,51,8,61,15,16,10,15,10,37,47,51,63,13,15,7,1,51,48,41,48,38,27,6,41,23,50,30,26,19,21,52,29,5,29,44,23,18,35,9,20,11,48,27,32,29,48,2,11,34,18,19,55,4,19,54,25,63,26,20,27,46,44,47,15,9,23,9,62,6,4,56,63,24,45,18,0,49,14,5,57,48,23,23,53,19,57,12,43,14,4,22,4,4,32,27,63,7,27,7,46,56,35,50,47,10,47,48,15,45,1,17,61,43,15,52,9,60,46,42,20,53,57,38,61,44,18,42,19,15,27,22,47,2,35,46,56,29,51,52,23,60,7,54,31,49,2,63,53,1,62,57,30,18,42,59,57,32,51,30,12,48,63,47,33,7,34,7,42,12,22,50,11,56,8,57,58,32,28,5,50,38,22,37,38,1,34,29,58,30,2,7,17,5,40,28,2,7,0,0,7
38,50,56,62,54,26,21,49,59,47,61,46,1,0,26,58,17,4,5,13,2,25,62,38,25,0,8,40,12,57,20,7,60,34,19,60,12,22,55,23,60,3,38,21,46,41,35,8,24,36,13,16,55,42,56,32,16,30,1,55,58,3,2,21,34,12,50,28,28,37,59,14,44,23,47,59,27,49,26,52,34,21,57,25,7,41,3,29,49,50,52,40,18,7,45,16,59,22,12,42,45,7,9,13,23,50,9,3,39,27,41,60,42,11,16,59,29,27,40,53,18,33,43,56,36,8,45,43,43,54,51,11,43,20,43,7,58,37,60,48,34,15,15,3,2,14,7,47,62,20,54,3,59,40,35,28,25,40,20,49,44,21,55,12,14,6,42,36,48,2,46,13,33,4,5,60,55,28,3,34,29,1,27,24,27,61,12,26,57,39,19,20,40,18,9,7,20,32,56,28,16,45,13,58,30,50,11,43,55,12,58,39,14,46,48,44,19,54,30,30,17,6,62,17,34,16,59,17,21,26,14,36,22,19,50,28,51,40,58,24,4,0,49,8,3,15,1,36,58,11,39,58,37,20,35,9,19,47,48,60,15,34,7,48,61,31,36,37,14,15,14,52,41,31,32,32,19,16,61,40,53,30,51,6,43,7,55,16,50,51,42,6,25,40,12,6,21,41,44,26,13,2,12,2,27,25,53,37,35,6,55,24,60,24,36,59,11,8,58,18,35,47,21,60,10,30,22,19,36,63,32,57,11,55,0,2,53,28,38,45,25,45,34,6,19,17,13,31,20,46,53,51,55,57,50,52,2,55,3,54,6,50,5,13,10,1,38,54,47,50,11,40,49,6,3,39,38,1,20,30,10,22,44,46,28,60,27,1,50,45,38,63,39,31,58,46,44,21,41,10,33,39,49,61,19,31,19,54,12,32,28,40,54,18,9,58,31,2,11,44,13,19,58,9,52,35,38,35,56,54,50,27,38,17,42,34,2,42,55,17,44,35,20,37,14,17,13,18,34,23,30,49,7,28,24,40,17,36,0,30,30,52,49,1,9,39,11,14,36,9,42,35,44,43,54,18,48,3,33,19,23,35,1,12,45,49,41,43,10,6,4,45,4,14,3,22,60,3,24,6,51,13,6,16,21,11,39,17,46,5,58,5,5,55,45,20,12,27,61,5,50,6,44,21,26,26,12,24,10,1,40,21,21,23,5,30,25,6,32,53,25,61,6,27,58,39,59,30,58,43,19,61,49,38,34,12,24,16,19,40,40,54,17,35,29,7,54,17,10,30,28,14,29,5,62,51,15,4,13,13,8,2,3,21,24,35,58,11,12,53,14,58,50,53,19,50,5,1,21,42,17,41,44,10,48,16,15,2,8,24,40,61,17,12,57,11,17,40,45,48,60,4,1,53,23,10,0,47,38,42,29,32,8,43,51,24,12,12,51,16,51,56,10,37,39,29,48,25,52,56,25,62,19,38,35,54,25,13,36,52,36,31,40,45,29,12,21,10,18,23,21,59,2,3,23,20,5,63,12,63,53,13,22,52,60,24,55,14,29,7,35,19,58,35,24,39,1,20,30,48,12,27,43,13,3,48,55,61,54,57,25,15,19,16,24,34,45,10,16,26,24,26,48,46,63,29,45,3,26,18,15,17,12,43,52,42,44,13,44,4,32,0,54,56,12,62,16,12,4,35,46,37,58,20,9,16,20,61,12,33,37,51,34,23,48,43,46,29,61,60,57,32,24,9,47,54,44,8,8,30,32,54,53,42,8,14,59,1,23,61,8,44,2,33,34,39,10,63,44,28,56,12,17,50,33,33,35,16,9,24,45,5,31,34,0,63,45,16,63,34,14,37,1,52,12,9,52,11,14,19,9,55,32,13,13,57,5,59,44,60,39,58,33,41,4,3,0,58,44,56,52,35,40,15,61,7,47,52,38,21,52,58,31,57,27,34,26,61,44,18,21,43,2,45,8,43,48,38,21,3,7,40,1,59,45,36,33,12,40,4,20,60,46,24,42,20,42,21,38,9
63,0,24,30,34,33,37,35,52,25,1,17,40,31,56,49,5,2,12,41,11,14,61,28,30,29,16,20,57,16,35,18,17,57,20,4,23,10,49,2,30,28,37,59,60,31,33,25,1,31,8,4,39,36,3,9,10,44,25,33,57,11,0,11,56,45,12,62,28,39,54,36,29,36,35,47,21,32,12,54,34,21,38,35,12,50,25,61,3,56,22,3,6,43,11,50,32,45,36,46,43,0,13,14,3,35,14,30,5,17,55,29,15,36,42,4,17,11,3,62,7,26,16,5,33,39,53,22,19,13,49,43,0,17,55,19,1,58,14,16,44,51,24,56,21,20,26,42,38,32,14,1,2,29,12,33,36,39,27,9,12,16,20,34,55,54,30,2,42,63,36,16,43,46,54,31,29,42,3,13,14,60,51,35,49,9,57,60,8,37,46,10,56,12,59,30,25,16,38,61,13,21,17,43,52,6,52,14,24,61,16,41,26,55,63,7,38,50,22,20,14,44,2,63,62,55,8,38,20,39,22,39,53,58,62,37,19,63,56,30,28,42,42,52,42,1,48,56,44,39,35,60,18,60,14,26,55,31,7,32,14,61,48,63,41,29,48,26,15,60,38,18,16,63,6,59,24,49,54,56,34,18,10,29,36,60,63,15,54,36,25,37,48,56,10,47,54,4,4,2,63,48,33,3,41,11,20,50,32,63,3,28,18,42,41,18,35,20,55,37,25,63,41,29,25,24,59,36,47,55,18,25,36,43,15,12,6,41,10,35,18,57,13,47,15,55,27,27,55,17,19,18,18,42,16,13,57,20,5,27,55,46,55,27,28,36,9,53,33,62,33,12,62,1,37,49,45,28,33,1,14,24,47,44,63,2,13,56,5,2,10,58,14,8,45,50,34,39,38,5,21,15,37,5,53,55,1,21,5,10,10,2,40,56,46,1,22,47,27,57,19,17,20,58,32,61,12,42,52,10,55,3,38,60,50,59,17,25,55,14,42,55,3,9,13,15,5,48,5,2,14,7,57,45,34,45,28,39,53,51,48,51,24,35,9,48,48,34,29,11,21,54,46,16,60,51,14,38,48,15,13,61,61,11,48,12,20,59,41,45,39,24,3,1,38,33,43,32,7,48,7,8,10,43,7,36,12,55,23,45,48,59,58,56,47,3,34,61,39,16,27,32,10,25,54,61,21,0,15,56,11,11,0,57,2,54,44,3,57,46,57,58,1,49,54,15,36,41,20,10,57,14,14,13,29,58,10,16,13,7,5,52,60,7,7,13,27,42,21,2,62,12,17,50,31,38,5,1,0,7,6,25,38,52,59,55,51,29,56,62,24,23,17,1,44,3,9,21,17,14,60,15,62,35,4,56,17,55,35,28,20,5,16,60,45,38,62,17,18,15,9,28,26,56,28,43,42,4,8,0,51,42,26,11,46,10,40,56,5,44,28,53,35,4,13,40,27,46,31,58,5,20,24,61,10,59,59,54,56,4,49,57,59,56,39,33,39,12,0,16,50,30,60,32,47,53,1,30,48,58,5,12,40,16,23,47,3,35,18,43,9,2,55,4,60,9,53,36,54,26,25,30,21,5,37,62,26,14,47,49,32,10,54,24,45,3,10,5,52,35,20,45,32,21,25,53,11,23,24,20,19,13,57,59,17,10,50,33,48,12,5,40,24,13,24,27,8,11,52,51,12,30,47,34,59,15,22,48,55,23,63,7,63,23,10,52,12,55,0,62,28,2,45,11,2,11,29,34,8,14,7,11,58,52,15,37,21,58,62,53,59,28,11,5,49,51,21,6,4,41,43,45,41,33,5,34,54,37,42,31,60,8,34,15,20,52,45,36,56,2,43,54,37,2,39,61,16,0,40,10,52,21,6,23,51,15,2,50,40,20,55,11,47,43,24,43,49,1,49,20,33,11,20,21,24,38,35,36,44,45,29,13,1,8,46,8,35,8,20,25,35,18,61,13,37,22,14,46,17,30,55,58,47,53,61,21,62,46,26,5,44,56,30,19,37,1,30,42,17,53
21,12,11,39,44,58,60,50,43,60,9,23,49,15,39,39,27,9,40,0,0,19,18,2,15,27,37,22,57,42,0,6,19,34,1,36,40,11,59,35,22,12,11,52,50,29,25,16,21,16,54,31,48,52,33,7,3,42,48,51,21,59,41,47,31,30,62,29,28,14,58,39,42,0,58,13,27,15,3,49,6,33,51,18,8,26,19,7,10,35,57,7,29,44,53,3,5,1,30,12,63,54,25,3,16,61,16,10,0,24,57,55,50,26,40,10,49,10,48,53,49,51,60,56,22,10,32,8,17,28,44,33,51,6,16,10,40,28,28,54,33,6,22,6,46,32,48,24,58,21,59,59,16,0,56,47,32,18,25,2,47,52,53,14,9,5,37,44,30,63,29,16,25,39,31,13,32,29,21,4,3,3,14,61,51,6,27,34,46,62,29,32,61,11,15,28,25,53,26,30,23,14,40,59,54,56,31,4,53,62,32,27,46,44,30,3,24,33,25,34,5,49,13,53,9,59,39,26,40,12,31,36,55,37,61,21,41,57,54,19,19,20,14,27,56,60,62,47,61,44,49,8,1,28,37,49,59,57,19,28,35,8,47,14,34,16,44,23,7,22,44,30,39,42,50,58,8,17,41,51,40,49,6,2,28,49,6,29,28,41,63,60,48,44,54,39,50,63,44,31,17,51,61,5,15,43,36,56,12,49,21,5,55,38,14,28,7,42,25,32,16,53,2,59,0,56,1,18,44,9,62,39,62,12,45,9,41,63,57,28,7,28,1,52,2,60,25,47,15,21,16,4,57,41,47,10,41,11,0,41,24,43,24,21,33,31,42,2,30,57,4,35,31,62,4,32,54,12,31,14,23,56,41,7,51,7,61,58,24,32,4,60,41,49,23,34,19,12,42,45,16,21,51,43,22,37,37,17,35,11,60,43,18,32,43,7,44,5,0,27,47,57,29,4,40,4,15,58,42,58,47,45,35,19,23,11,0,60,32,53,7,37,3,39,45,46,34,9,49,27,44,0,0,2,9,25,0,22,10,22,23,56,46,1,58,63,57,2,37,51,42,42,27,6,19,56,55,62,28,60,39,54,17,29,63,21,0,60,3,45,47,45,23,42,11,49,1,54,58,14,23,22,29,31,45,33,40,47,61,31,63,27,23,28,27,10,42,43,39,58,58,16,47,14,56,38,2,28,24,60,58,24,5,48,58,57,17,46,55,21,43,1,20,24,38,57,43,21,24,0,44,27,62,15,40,30,7,0,2,41,48,45,2,45,10,46,16,62,11,26,36,2,42,38,51,27,36,27,41,41,13,31,41,59,47,16,1,60,38,5,33,0,2,45,60,61,4,48,27,40,9,25,29,41,61,7,61,62,61,63,48,14,7,44,11,40,16,20,59,40,17,18,7,10,19,27,46,17,59,4,12,23,9,13,32,18,49,6,52,38,12,7,62,42,47,62,32,30,33,27,50,6,11,62,18,14,16,57,21,9,49,12,62,58,35,28,55,32,25,50,50,14,27,59,46,47,37,56,31,13,57,50,31,47,57,34,31,51,20,32,26,19,30,40,26,0,6,4,40,15,44,26,48,61,31,9,13,57,24,20,9,41,40,8,41,48,57,49,60,44,25,34,32,56,38,21,45,27,23,16,38,54,48,25,57,48,48,18,13,38,31,14,9,13,7,32,7,34,40,29,24,17,35,27,7,47,39,27,29,25,48,31,60,45,23,59,63,52,54,40,31,32,10,38,18,48,29,3,38,29,10,14,62,39,16,23,33,46,5,57,41,44,11,16,15,51,54,47,59,39,24,5,46,31,28,41,59,50,38,55,9,41,8,40,22,55,57,61,51,23,61,16,51,21,25,13,30,24,13,3,13,44,47,53,27,0,35,25,23,38,38,49,4,3,38,8,48,16,14,0,26,29,37,24,4,25,17,52,62,7,15,25,57,7,46,15,21,26,6,18,51,61,19,53,51,21,56,51,54,59,35,25,14,47,28,52,43,54,59,29,15,47,50,32,13,54,15,62,40,35
1,58,19,8,28,37,27,29,26,10,58,60,29,27,38,18,14,60,11,15,42,25,29,13,18,10,21,51,31,46,31,14,5,13,0,11,30,54,23,54,14,41,8,22,6,0,24,24,25,35,42,1,14,32,53,8,26,60,49,13,5,28,56,59,42,48,4,15,18,22,28,52,4,54,59,1,42,48,0,17,25,46,6,25,0,53,62,30,27,2,34,14,27,8,31,53,31,57,29,48,6,17,60,8,5,21,14,0,20,9,29,59,45,4,35,35,35,1,16,10,63,29,22,6,35,13,43,2,57,11,55,6,7,12,12,4,8,31,20,24,12,56,59,48,39,41,59,57,52,43,53,14,11,47,62,48,2,31,54,35,53,16,8,27,58,2,8,17,52,37,29,2,36,28,63,27,12,26,1,8,53,25,24,28,24,18,10,55,25,55,8,30,7,45,47,31,2,14,20,17,25,28,50,27,38,20,57,9,50,13,15,46,21,36,39,33,39,7,13,16,62,50,53,16,16,57,11,26,9,0,40,41,61,33,56,61,27,1,45,36,59,12,6,0,33,24,17,43,32,22,18,37,3,3,44,58,18,63,43,37,11,24,9,11,29,38,32,61,26,24,24,13,49,37,19,60,24,31,40,55,26,22,56,18,15,27,1,39,4,60,35,11,23,9,14,1,58,38,6,27,60,30,23,18,41,19,45,6,57,27,40,56,45,26,25,54,1,51,17,53,33,4,58,28,58,2,40,36,45,14,41,16,2,45,63,54,42,44,56,37,48,56,7,54,54,55,43,63,45,18,20,5,51,33,10,63,10,19,35,21,47,42,37,37,55,33,13,29,29,37,26,6,54,39,53,54,45,46,30,25,48,58,33,33,0,45,53,63,44,50,15,26,33,44,22,57,40,54,60,23,16,60,53,10,53,6,2,47,51,28,33,34,36,23,55,59,31,54,10,1,44,16,21,57,55,28,28,19,8,15,6,31,19,15,1,1,33,8,2,62,39,24,2,13,49,14,56,20,38,60,30,0,2,10,37,22,9,7,14,15,7,37,2,5,1,8,56,62,21,10,57,43,31,26,51,21,21,21,17,18,60,20,33,37,2,45,12,31,3,10,48,26,37,33,37,0,45,1,34,52,10,8,53,26,58,35,39,51,4,54,60,44,42,49,36,46,3,38,24,14,14,6,23,44,31,63,7,15,9,38,24,38,38,34,22,56,63,15,54,46,1,9,42,36,3,53,63,59,43,13,34,38,6,28,41,7,40,55,0,5,22,15,4,53,28,49,41,17,55,57,53,30,11,9,61,36,48,3,38,20,13,17,2,33,14,46,6,23,12,28,60,32,44,39,39,29,38,46,14,60,36,56,31,11,12,26,36,46,50,43,41,57,19,28,22,7,19,42,55,0,3,7,35,48,0,48,8,51,63,52,20,0,36,42,38,33,3,28,37,59,15,1,19,29,57,16,50,52,37,22,19,31,34,27,6,28,44,20,11,28,0,1,58,19,31,7,53,25,43,52,63,32,1,58,38,26,47,62,40,26,25,30,16,2,10,55,10,0,21,49,8,16,8,26,58,30,13,53,38,22,28,17,39,31,2,25,3,40,54,61,49,3,38,26,17,50,18,37,15,6,56,13,30,23,20,11,20,53,24,26,10,56,14,14,52,32,9,21,7,32,29,54,23,30,36,11,56,28,6,60,43,11,10,63,26,55,57,59,57,47,38,5,58,51,43,8,3,57,10,59,45,52,50,42,35,31,55,35,42,4,1,15,38,36,32,31,40,8,28,50,51,11,31,22,57,16,16,0,3,59,22,40,27,60,41,25,1,22,21,5,2,60,33,17,34,42,60,40,24,40,53,45,55,31,11,29,11,42,4,53,18,15,15,2,63,22,15,22,16,18,47,39,48,16,41,60,50,28,20,2,52,59,2,5,13,25,48,53,62,41,2,60,58,28,49,27,6,43,52,18,18,10,10,9,40,47,36,1,63,16,39,54,23,25,27,53,43,48,7,4,47,7,16,9,7,45,51,41,56,23
39,2,6,36,56,20,23,24,52,23,22,45,47,43,51,19,32,43,24,47,17,1,26,26,3,49,48,31,45,59,56,7,8,61,27,16,26,26,19,43,60,9,29,24,59,22,37,9,14,40,12,25,19,36,8,26,21,18,30,26,62,47,33,56,61,0,63,51,55,45,31,24,34,21,42,49,14,35,52,22,6,32,15,57,41,32,37,54,36,62,57,63,46,16,26,40,43,39,1,34,50,23,16,31,33,17,37,10,41,0,34,17,7,42,20,11,54,48,21,47,18,3,24,59,61,44,46,2,61,46,26,21,53,23,32,20,56,19,10,57,37,10,58,61,45,28,61,17,9,52,12,16,52,50,9,46,57,63,46,44,63,35,35,5,28,11,29,27,9,20,53,61,62,52,63,50,54,17,52,10,8,12,8,12,33,33,51,49,8,9,32,18,25,33,25,22,33,11,36,9,63,6,17,50,45,44,6,7,56,24,19,3,48,11,36,6,50,38,60,48,59,9,50,31,6,40,53,57,48,31,1,47,43,62,56,3,24,58,55,56,30,25,25,31,14,22,45,14,52,44,21,25,60,42,0,42,2,50,10,3,54,8,23,59,42,50,33,21,22,47,44,36,17,35,35,54,6,46,57,9,21,24,51,24,39,33,12,51,52,4,6,2,59,30,60,53,50,14,45,34,46,34,56,0,47,42,0,45,34,20,37,4,13,36,60,17,63,1,17,55,4,43,63,46,39,46,22,38,10,44,15,13,10,27,26,51,5,27,8,61,26,41,12,14,47,20,18,35,57,29,5,34,48,63,46,14,4,28,32,29,31,21,63,38,45,5,17,19,1,34,28,54,41,44,5,59,60,49,41,1,6,27,15,3,38,28,50,43,21,49,40,34,2,16,33,2,0,40,36,40,63,1,53,28,45,21,34,16,15,55,30,48,39,25,12,15,58,61,32,50,23,13,33,62,41,44,54,0,14,36,13,59,43,53,43,33,62,7,31,27,32,58,27,43,50,20,59,54,15,38,17,32,61,15,20,7,59,51,59,10,45,42,9,53,46,25,41,52,47,2,31,19,30,24,7,19,30,17,44,44,46,41,27,1,20,34,47,21,14,36,46,62,3,33,46,6,35,2,7,56,32,58,60,32,10,59,21,11,31,39,6,26,56,11,38,33,15,33,36,60,23,40,48,6,53,19,37,34,22,7,29,13,8,32,26,34,52,36,37,10,59,25,0,47,14,32,14,43,41,1,20,52,22,20,62,25,62,16,5,60,10,14,11,4,39,15,0,9,61,11,13,2,8,9,20,17,19,59,30,41,10,1,31,28,27,8,53,44,18,30,49,38,2,57,15,46,9,21,8,37,10,43,41,24,22,49,37,43,23,55,61,56,27,2,43,23,21,38,45,36,25,41,27,7,28,59,38,15,40,22,42,57,8,61,36,51,38,61,54,39,50,63,19,7,22,23,53,51,49,32,37,45,26,59,31,50,59,63,0,40,25,8,49,7,41,24,5,51,9,20,57,8,30,16,25,6,26,29,53,31,8,49,63,19,11,37,31,29,26,25,39,61,58,2,10,21,30,60,52,17,19,49,4,62,18,40,25,48,32,54,60,19,6,24,46,24,16,14,11,11,42,30,34,12,61,22,31,23,45,8,21,28,32,18,37,48,63,49,61,50,27,18,60,40,57,39,29,24,31,34,13,28,24,9,13,17,46,13,13,52,48,38,54,13,43,52,22,47,49,30,59,29,63,60,19,61,14,42,6,38,0,11,62,56,46,58,29,30,57,37,53,40,4,51,8,55,54,3,4,40,49,41,4,48,27,7,42,57,43,62,39,20,7,42,21,51,52,27,28,4,24,37,34,51,7,60,54,8,51,31,7,11,50,7,0,33,15,41,49,45,47,61,12,11,62,22,28,40,9,57,48,63,47,25,31,39,39,53,23,27,16,6,0,63,13,20,46,33,44,17,49,18,5,25,29,15,28,17,2,52,51,24,3,51,0,51,26,33,12,32,20,37,50,33,45,13,16,30,41,21
20,48,59,50,45,54,33,37,45,21,16,55,29,34,42,0,38,25,32,26,58,16,53,19,56,52,14,27,27,28,40,63,29,35,42,31,29,2,63,28,25,50,15,17,35,5,47,43,56,8,53,50,31,15,15,48,5,41,32,7,32,30,2,7,19,55,48,26,45,37,31,31,7,4,3,34,56,1,61,63,15,24,16,59,1,41,60,38,9,7,22,22,1,58,10,36,30,30,55,52,30,38,23,23,3,30,30,59,18,26,41,30,50,47,62,7,4,0,17,63,0,61,3,27,30,26,18,14,54,7,5,27,10,51,19,6,29,13,14,6,13,34,38,41,20,45,63,50,18,38,12,17,51,39,57,53,56,55,14,30,59,13,36,4,19,36,28,56,59,55,49,55,49,37,16,32,23,8,2,23,22,48,35,17,9,39,14,54,16,27,29,23,26,45,36,26,15,12,51,45,46,24,44,34,27,30,28,6,51,40,36,3,8,21,34,62,34,46,45,14,58,34,44,26,55,56,9,12,25,16,41,32,59,24,50,5,2,17,32,56,20,4,40,8,22,43,35,63,17,17,45,30,59,52,63,39,35,60,6,6,12,38,51,21,59,25,40,39,56,24,29,32,17,36,46,14,59,27,26,19,12,7,31,6,43,23,8,23,2,55,54,6,52,27,19,42,8,49,8,45,9,5,39,36,61,50,53,63,61,55,21,29,6,48,11,45,17,19,18,31,26,29,25,0,13,17,26,50,57,3,48,30,11,32,13,52,39,57,51,10,63,30,8,23,10,35,4,30,3,2,4,15,22,63,18,40,50,63,5,53,39,39,37,1,53,42,6,62,23,57,43,36,61,38,56,16,51,26,32,37,48,21,38,3,60,50,19,5,52,28,23,8,11,62,16,41,9,63,12,18,50,23,46,16,17,28,11,41,47,2,33,5,42,2,30,28,29,57,7,62,54,29,16,0,49,51,8,21,51,39,48,47,41,49,23,44,23,52,37,3,33,6,20,38,47,16,3,60,31,57,35,31,41,35,32,6,7,62,36,48,55,39,55,27,2,17,51,4,30,60,23,4,31,38,2,21,27,57,40,34,63,9,2,23,60,13,29,8,42,44,18,37,0,24,11,40,19,54,52,19,18,4,8,62,14,47,33,4,47,23,0,37,41,23,61,18,41,26,9,29,25,1,15,26,19,2,24,56,11,48,54,54,9,51,5,54,53,2,55,20,32,28,49,7,23,47,58,41,25,56,28,17,17,25,47,25,36,57,13,36,44,51,11,21,50,5,57,61,50,30,20,20,34,27,10,22,55,43,63,37,2,19,33,16,4,59,30,36,34,55,56,52,32,48,23,47,31,11,60,5,12,24,53,41,4,35,52,0,54,6,57,21,59,21,38,0,32,55,26,5,30,57,30,9,29,29,60,27,27,12,37,45,57,34,45,2,43,30,59,23,15,26,25,61,14,19,3,11,57,30,42,31,36,13,27,8,16,4,11,49,38,22,32,58,11,3,22,57,13,51,19,4,12,45,6,11,19,63,1,13,22,61,26,39,6,4,45,5,49,23,51,16,45,53,46,0,17,47,9,54,45,16,15,62,33,29,21,30,7,56,6,39,31,20,52,14,2,59,36,9,47,55,61,40,21,59,22,33,29,2,2,53,5,17,47,7,7,52,39,0,16,34,40,20,44,3,47,6,57,19,52,3,33,19,54,56,25,53,9,8,60,34,4,3,59,48,25,46,34,41,19,18,16,26,10,45,23,35,63,15,55,17,60,16,19,22,58,56,43,28,25,25,62,47,45,55,27,36,47,62,28,9,7,31,27,8,62,12,23,48,6,31,45,10,39,24,41,15,36,47,18,18,38,1,44,27,28,29,34,47,37,19,46,18,12,26,20,28,1,28,55,28,27,45,12,53,46,47,24,0,18,18,1,13,3,3,23,53,21,10,19,39,1,59,26,19,24,3,26,39,36,34,53,11,22,3,61,47,14,34,31,11,48,61,2,7,34,21,61,47,61,16,9,2,0,10,3,56,55,38
52,20,13,49,23,49,9,57,56,2,2,14,4,28,42,42,45,37,39,52,32,27,63,1,41,23,55,2,3,7,17,56,35,60,0,16,3,14,60,48,23,63,46,49,18,55,28,62,4,25,27,36,3,57,20,32,46,12,7,30,25,58,59,29,57,34,0,45,53,6,45,35,13,9,41,14,51,16,28,30,14,1,13,29,15,49,37,57,10,37,62,12,53,9,3,54,46,31,0,7,7,42,36,1,53,2,53,5,55,8,47,1,49,42,8,41,62,22,36,34,33,48,13,48,48,24,43,62,59,38,47,51,35,56,47,28,60,38,42,45,22,52,5,49,31,30,11,3,51,3,48,20,48,30,34,16,35,19,46,0,41,53,39,9,4,0,11,57,62,57,6,9,29,61,17,62,46,54,60,29,53,37,18,19,20,37,5,38,48,0,4,1,46,33,14,63,2,14,60,6,47,9,16,20,14,34,20,20,34,17,29,37,36,36,26,27,49,6,12,36,8,7,33,46,54,63,30,8,59,7,23,19,37,35,6,32,15,3,36,27,16,20,21,51,29,48,18,36,35,10,29,2,24,63,2,56,23,23,42,63,53,52,36,35,18,55,39,54,10,13,15,30,6,49,58,48,48,7,8,61,5,49,32,24,61,43,43,13,50,33,44,39,23,28,13,26,34,15,52,36,22,32,17,24,18,33,61,51,8,28,51,58,39,30,48,22,35,1,56,15,0,49,3,39,37,4,6,40,51,46,53,19,47,1,17,59,59,20,7,13,44,59,58,18,57,40,33,5,43,61,51,26,42,2,21,57,11,26,59,8,46,49,24,38,25,43,36,39,30,23,16,19,35,6,14,53,49,13,0,38,14,36,37,31,58,16,48,43,29,6,27,14,22,13,16,51,16,10,23,16,30,9,45,37,0,38,29,35,5,9,39,57,43,41,8,5,27,41,24,20,59,7,12,11,6,14,33,3,58,24,13,44,53,3,61,22,31,37,17,13,21,26,48,57,20,63,5,50,37,18,63,9,11,35,13,21,5,10,49,0,10,53,53,8,60,26,21,1,33,19,19,58,52,50,56,49,6,12,18,32,43,62,38,6,25,4,24,49,27,15,59,26,38,51,48,25,11,19,10,33,16,20,61,31,36,27,23,14,38,35,55,59,30,38,2,13,24,44,26,12,29,44,14,3,46,60,59,52,10,33,49,13,38,59,8,52,3,9,29,49,49,32,35,25,54,15,47,24,1,42,27,28,49,2,2,31,32,30,41,53,57,50,38,18,15,59,56,10,12,6,19,27,23,9,12,25,14,2,63,58,48,43,9,21,29,26,43,25,12,24,46,19,26,36,48,14,1,60,31,51,52,13,34,2,60,61,37,9,6,42,7,26,22,22,30,59,6,19,18,42,37,9,20,47,43,38,63,5,27,26,32,45,14,19,14,7,6,5,15,0,46,7,12,15,59,28,52,61,16,48,53,14,23,59,16,23,40,36,10,53,35,51,39,12,40,15,7,26,39,55,52,49,27,10,32,60,4,62,40,1,13,31,20,45,34,5,4,29,21,30,13,42,36,62,13,20,48,60,2,16,54,35,19,8,58,45,55,14,33,53,21,58,19,52,20,10,25,49,10,31,62,5,1,22,50,42,34,16,38,12,20,53,53,3,20,57,11,51,48,39,50,42,42,0,61,13,0,12,13,24,61,50,29,56,42,17,28,61,25,41,50,29,19,39,50,47,59,12,28,8,17,30,6,2,7,41,52,17,17,1,49,50,55,8,45,46,22,40,56,46,50,41,60,43,44,30,20,12,39,27,59,8,0,28,24,61,17,7,27,25,50,47,46,9,29,15,47,60,46,49,30,41,49,17,11,4,50,12,29,13,15,11,30,43,54,12,24,27,17,54,63,36,8,14,20,19,56,2,35,51,18,48,53,45,0,12,60,49,36,17,54,5,25,4,0,61,57,36,8,11,12,1,6,8,14,32,41,35,28,21,45,2,49,37,37,29,15,9,8,39,51,20,15,12,33,29,38,43,17,1
63,56,6,17,37,62,11,30,48,18,19,30,3,7,62,3,50,22,0,53,21,24,23,34,30,50,32,30,28,32,1,49,23,12,30,12,35,43,55,44,26,44,60,34,10,43,0,5,23,24,26,34,22,9,22,12,48,7,5,54,12,53,42,47,51,33,8,47,59,48,48,37,1,59,30,31,34,54,42,1,9,39,46,29,6,5,63,31,10,40,46,4,0,19,49,52,6,30,48,45,46,31,20,16,28,30,54,11,48,47,37,57,1,57,25,8,61,36,25,61,3,5,1,41,19,27,61,0,50,34,25,43,42,18,40,15,45,2,1,47,25,8,29,56,35,40,13,27,2,60,60,6,40,54,3,7,33,18,61,26,63,8,61,36,22,46,53,41,27,46,43,27,45,3,45,62,19,56,27,20,4,10,1,22,49,49,61,16,58,49,58,22,25,48,14,27,61,23,49,0,39,60,29,39,33,28,57,4,21,37,47,23,32,28,3,59,37,26,41,35,20,54,51,24,19,6,24,13,59,25,36,4,36,18,44,15,0,48,52,37,38,34,53,31,3,55,59,40,42,27,54,51,1,10,45,54,49,50,53,14,31,21,27,36,15,1,54,63,28,1,8,58,30,31,59,41,0,49,39,41,16,33,32,60,32,17,32,4,22,44,4,42,2,24,32,4,26,32,62,2,21,38,43,19,0,9,20,24,51,27,29,20,21,10,28,33,1,14,46,26,44,42,43,55,8,39,32,34,13,36,38,49,18,53,22,33,35,41,16,21,43,28,17,49,14,58,19,30,11,48,31,17,59,37,29,24,14,54,46,36,58,20,53,28,37,19,0,40,27,43,0,25,22,57,0,50,6,41,7,42,5,1,10,17,2,23,51,26,18,15,3,31,31,28,36,17,62,13,55,40,46,34,31,57,39,46,8,29,12,38,11,29,21,9,17,19,37,38,39,20,1,58,5,31,17,48,3,43,30,2,45,53,49,30,37,10,18,43,54,55,43,55,44,37,57,59,1,62,62,21,7,32,25,18,54,6,2,13,47,48,26,39,52,38,20,39,45,4,50,35,56,46,62,9,40,52,14,35,19,38,4,53,7,5,59,18,60,58,53,21,41,42,29,0,60,47,61,58,51,35,47,39,9,37,13,49,5,56,15,56,23,1,23,48,49,62,3,59,5,50,51,60,8,51,45,25,7,9,56,41,32,22,25,30,18,1,50,29,40,12,14,30,7,36,6,35,48,37,16,8,18,61,13,5,6,33,38,6,4,54,25,58,3,54,48,60,44,16,9,3,41,36,26,27,37,51,25,47,45,30,18,62,19,10,15,14,37,10,26,31,14,18,11,44,54,17,55,33,28,8,29,7,36,57,30,7,55,35,6,42,36,24,17,38,35,38,18,43,60,28,60,43,26,2,40,12,15,48,46,32,63,27,31,45,9,5,19,2,33,57,10,16,21,9,16,44,12,13,49,6,3,36,43,59,44,59,2,57,38,7,34,5,55,17,55,33,42,31,38,28,51,15,21,55,61,53,28,17,36,12,14,14,41,51,8,52,25,37,37,26,45,31,40,12,57,32,3,0,25,23,0,23,2,3,8,37,25,34,18,28,41,33,53,17,16,22,25,11,37,2,50,19,6,13,3,11,21,2,61,31,40,11,24,24,18,37,32,51,16,6,40,47,15,43,46,40,2,32,30,21,52,10,22,54,22,29,5,8,15,16,3,31,63,31,43,44,10,17,32,22,4,10,56,38,0,56,36,60,46,16,7,9,58,2,19,7,45,10,22,11,35,18,27,55,47,29,18,13,4,27,20,41,33,62,33,53,7,48,19,36,41,58,22,59,24,63,0,31,53,58,15,11,24,63,23,40,13,0,9,3,28,49,51,48,39,37,38,59,23,4,8,46,60,37,26,46,62,61,1,59,33,38,27,36,59,21,62,59,4,31,37,45,19,8,17,23,33,23,60,16,35,50,7,36,8,11,26,53,6,22,34,26,54,3,18,8,40,44,27,29,18,31,3,7,50,14,28,6,62,19
23,47,32,43,34,61,0,41,12,58,20,40,37,62,40,32,47,15,0,43,49,2,30,12,27,29,55,6,12,9,8,21,55,61,52,11,12,24,4,23,61,52,4,34,60,55,14,20,34,60,11,36,1,28,39,29,52,21,25,38,11,57,42,63,24,33,32,53,51,46,0,10,51,41,59,55,2,2,60,35,11,42,29,9,60,14,33,0,50,18,15,32,21,9,7,41,17,24,30,20,25,27,1,33,5,32,28,52,19,21,0,3,17,2,17,57,54,57,53,48,5,60,48,56,62,13,54,56,34,37,25,14,28,56,52,13,57,38,55,18,9,35,9,9,50,7,17,45,2,26,60,30,41,56,9,7,26,23,49,28,8,34,39,32,40,50,5,31,54,0,24,15,14,33,37,11,5,23,22,52,19,36,6,42,57,45,55,13,2,40,50,56,53,44,18,36,62,42,46,36,61,63,54,23,45,37,25,45,33,12,10,6,26,7,47,61,27,26,34,24,28,6,58,54,31,30,55,32,10,52,45,61,47,58,12,41,19,21,29,25,6,7,4,28,47,11,17,17,57,37,37,23,27,52,36,3,57,58,19,36,44,50,27,30,48,34,30,4,34,11,23,21,36,15,3,10,31,39,20,10,4,52,48,11,49,34,22,29,51,37,45,18,42,49,6,25,41,27,47,62,29,19,57,1,5,11,12,6,38,40,12,13,62,17,13,14,50,38,30,43,7,45,8,12,2,27,28,0,7,56,45,16,36,16,17,43,43,44,12,49,26,27,10,38,31,44,26,42,62,9,33,33,12,10,51,7,63,36,43,13,54,35,18,62,42,13,14,54,28,42,5,47,57,7,51,42,32,59,2,34,10,25,28,8,24,41,50,5,14,17,39,60,52,55,51,38,54,36,59,63,10,42,35,15,53,17,2,7,32,31,30,32,62,41,58,22,38,22,37,4,22,41,5,62,29,20,45,58,37,40,56,0,4,4,1,27,26,35,27,52,54,7,59,17,1,10,20,37,29,58,52,54,21,55,53,3,17,8,5,58,41,47,63,22,1,2,39,50,18,58,1,7,37,9,35,43,48,25,20,36,2,45,60,28,49,33,58,26,51,48,3,10,36,11,47,39,61,29,16,22,30,2,25,17,9,23,38,1,49,25,48,59,8,40,38,8,11,3,4,30,46,29,32,22,41,12,21,54,4,35,58,19,44,31,23,15,15,41,3,12,39,15,7,6,21,56,4,33,19,38,58,61,24,58,20,39,34,31,13,19,9,34,25,24,59,61,52,41,8,53,56,5,18,22,24,59,0,37,33,62,43,33,20,49,16,40,15,45,55,10,26,42,62,12,40,21,19,53,5,39,25,36,42,55,30,8,14,20,54,0,37,4,18,63,62,52,51,29,53,50,11,12,8,32,8,13,25,40,60,14,44,56,43,0,5,43,44,6,10,32,58,40,33,42,8,44,39,61,46,5,14,9,59,55,1,38,16,14,57,29,4,33,0,56,63,13,27,9,57,57,5,7,6,47,40,12,44,22,7,56,24,19,51,46,17,8,49,23,16,27,4,62,2,56,13,12,35,48,30,18,0,62,36,13,13,44,54,45,58,7,0,26,53,5,20,18,17,17,47,21,7,40,6,37,33,7,28,32,15,35,2,1,19,28,48,63,62,39,33,48,29,6,15,18,14,12,57,39,58,45,47,61,57,30,29,5,51,52,52,55,56,10,56,39,63,11,55,48,0,23,49,61,3,30,21,31,0,33,45,11,23,38,51,37,59,29,51,60,40,12,52,12,50,28,24,34,4,55,15,37,6,43,55,13,4,23,15,39,41,39,22,16,8,0,47,45,56,7,25,45,45,7,23,35,42,37,12,15,18,35,15,25,34,46,24,8,48,48,45,61,36,50,38,55,58,9,49,25,17,15,7,43,34,51,39,6,3,45,42,22,1,3,8,7,16,23,12,59,22,14,55,12,35,60,23,0,47,60,44,1,34,41,32,23,27,15,63,37,17,27,41,21,46,54,15,7,49,19,53,2
5,26,13,49,7,8,7,4,6,29,57,13,48,14,9,15,3,22,59,31,12,7,49,59,7,31,48,3,13,8,20,8,39,62,53,45,5,20,1,24,0,38,44,54,59,37,17,3,28,46,25,31,2,30,62,4,49,19,46,8,24,30,16,50,14,18,13,33,36,52,55,19,21,27,1,32,32,3,12,55,41,24,5,56,47,18,6,58,62,53,51,57,62,60,1,23,60,1,52,62,56,2,11,1,15,55,52,13,63,62,54,48,27,56,26,33,52,60,58,30,62,20,36,56,36,26,53,4,13,39,21,32,19,36,32,63,6,8,26,14,40,4,62,24,32,27,7,56,6,5,16,8,5,45,6,7,46,20,11,49,27,39,22,24,26,50,16,9,2,11,19,28,4,38,56,27,32,26,31,15,37,27,4,58,14,54,55,25,29,48,6,29,10,30,57,15,15,13,2,57,8,63,52,54,7,48,29,13,6,26,19,46,24,1,52,16,36,63,21,22,47,32,55,50,12,58,50,35,5,45,26,19,41,46,20,14,40,57,28,40,52,31,2,15,33,8,31,10,31,28,58,7,26,35,57,34,51,27,22,54,35,22,0,22,44,5,44,19,34,0,23,45,59,12,38,23,26,46,20,40,14,34,58,57,26,4,26,5,8,51,51,15,33,57,37,62,31,46,30,6,22,4,8,19,43,20,36,12,17,59,26,1,31,39,47,32,60,2,58,0,19,61,21,2,38,17,53,36,1,42,47,60,62,40,50,12,5,34,55,13,62,43,31,16,0,25,20,4,58,45,58,31,4,10,24,15,39,24,62,16,63,44,1,15,57,57,43,19,56,54,32,27,22,14,25,61,9,10,42,42,30,4,6,42,56,60,58,23,57,19,25,54,63,19,43,20,22,4,6,50,23,22,16,15,60,28,57,22,16,49,23,4,8,12,49,16,54,54,41,0,15,56,28,43,58,6,1,36,36,58,50,39,44,44,50,30,11,22,62,24,13,62,9,21,38,29,19,54,44,27,20,14,27,17,31,46,19,30,14,0,37,24,24,5,11,18,32,4,45,54,12,34,17,41,14,46,9,1,31,31,31,26,1,3,28,21,30,34,47,36,18,34,43,60,54,13,8,8,11,30,19,33,50,34,28,35,43,2,55,19,49,0,13,59,11,28,0,12,43,2,34,62,47,32,54,63,13,15,30,27,18,42,18,39,47,39,20,10,31,37,63,31,49,22,38,4,30,26,29,34,27,53,21,44,59,39,47,19,2,12,37,2,36,49,54,8,2,54,35,29,26,60,43,53,0,13,12,5,30,23,63,32,21,30,63,58,7,46,21,25,61,34,37,62,58,9,6,41,19,32,1,48,40,32,35,26,25,59,15,17,54,29,52,51,14,25,57,29,7,16,33,20,58,14,34,22,5,21,44,53,6,26,20,32,59,58,61,1,28,2,10,35,37,6,54,49,18,31,16,2,52,24,5,63,53,9,20,59,37,30,42,53,27,47,45,12,24,58,22,33,37,38,62,40,51,34,1,61,50,23,55,17,44,61,18,11,40,41,5,6,48,57,33,60,63,11,31,61,4,31,40,30,57,50,36,33,9,27,16,35,22,5,39,43,54,34,5,21,27,41,50,52,7,30,20,26,52,60,44,55,33,44,39,17,4,20,42,55,51,49,15,36,56,26,10,42,13,31,3,40,44,27,5,30,23,13,60,41,6,2,17,35,50,45,12,6,8,30,25,61,29,20,63,44,6,55,35,27,32,5,1,33,28,22,44,54,50,46,13,9,46,10,9,62,11,39,28,32,23,54,20,1,34,53,63,33,61,22,9,61,6,16,7,48,14,61,62,21,56,54,25,31,2,21,14,20,29,55,2,47,35,14,14,59,25,1,35,59,46,5,33,27,29,55,50,10,18,21,33,16,41,4,12,20,53,25,19,43,26,46,56,43,15,47,52,51,29,49,27,49,20,50,11,34,31,43,10,58,62,11,54,4,28,3,6,34,33,18,29,23,18,51,38,8,9,23,54,12,60,35
63,50,19,7,49,34,42,11,1,22,50,32,38,10,61,17,26,52,47,20,28,14,56,33,46,60,53,12,57,34,52,16,21,56,26,41,29,29,59,46,58,8,23,31,12,48,44,0,35,14,21,19,3,38,60,51,37,17,48,18,0,48,21,28,31,4,42,37,43,7,55,53,35,29,10,44,28,47,2,41,11,21,31,5,57,41,62,60,7,44,52,20,48,29,11,43,38,27,9,29,4,28,39,40,16,54,63,42,58,48,63,12,57,42,40,1,17,40,17,26,32,49,53,22,15,30,18,25,63,33,3,36,62,28,9,41,42,0,3,40,28,55,14,10,40,3,33,13,61,20,27,17,37,13,40,33,40,32,9,28,41,43,63,25,57,35,53,17,30,15,1,5,23,36,36,19,52,59,9,10,58,52,14,62,32,32,9,29,28,32,52,7,58,29,41,48,8,11,43,62,16,53,63,29,54,43,16,9,54,47,2,10,44,26,29,6,35,29,32,11,23,41,13,7,33,16,63,17,22,21,13,32,58,13,34,33,47,19,53,9,7,4,4,57,62,43,62,10,9,15,5,38,45,22,39,8,51,52,4,15,31,7,61,31,17,4,29,12,3,54,59,9,50,15,2,42,46,49,0,6,1,35,7,6,36,42,38,13,19,30,56,50,37,26,50,32,26,18,6,26,6,63,63,30,47,54,39,17,17,24,41,50,27,49,22,6,28,13,33,51,2,25,50,48,11,28,3,57,54,58,13,51,58,7,61,11,51,33,14,16,24,35,27,15,13,54,19,46,12,18,4,34,27,19,55,49,30,18,40,17,28,36,23,31,5,52,18,11,36,51,8,40,47,17,34,19,40,37,27,35,15,52,37,7,4,16,55,6,23,12,35,12,24,40,5,37,62,4,60,13,54,17,7,36,0,12,35,55,63,33,53,6,44,13,48,3,7,32,60,25,13,7,26,31,7,31,34,5,0,61,4,0,33,5,0,57,39,63,62,58,60,5,33,0,7,61,58,51,54,32,30,34,17,44,14,43,55,41,45,16,35,38,42,62,31,29,51,49,2,3,7,17,33,55,53,51,40,7,37,20,21,1,3,39,34,5,19,20,26,23,24,62,61,32,41,48,54,45,60,38,16,42,3,35,8,26,59,16,56,4,14,3,56,38,21,29,33,8,50,56,55,39,58,27,17,15,34,32,36,26,12,2,19,56,63,48,2,46,59,16,0,63,26,8,56,37,53,11,42,29,15,56,51,60,4,63,8,7,37,34,35,43,4,10,44,46,9,3,23,5,15,42,18,4,4,32,36,49,2,60,30,47,38,48,41,15,25,31,38,59,34,8,5,10,49,43,42,22,41,14,10,57,10,21,61,34,44,19,1,59,19,53,22,7,21,60,14,19,26,47,63,41,56,44,61,33,6,49,51,36,10,50,36,54,49,37,42,17,14,44,35,15,15,54,60,8,47,51,7,24,43,16,15,55,32,5,33,44,35,51,11,38,1,15,14,22,6,19,4,6,9,41,24,24,55,19,6,28,7,24,36,20,23,62,43,30,19,46,30,36,51,37,54,29,0,46,43,15,46,42,43,49,48,6,12,31,21,37,39,16,30,32,24,53,44,49,23,59,22,9,50,39,58,48,15,2,30,61,45,57,22,52,35,18,17,41,42,6,25,44,61,63,0,3,47,12,8,6,37,10,16,59,0,1,50,24,5,12,42,2,18,10,45,56,63,16,3,63,34,21,24,43,55,39,10,60,56,2,59,4,47,13,35,61,39,63,15,22,3,39,7,41,12,3,42,60,14,43,45,15,15,51,56,16,25,43,1,53,24,27,32,61,24,12,0,6,15,5,41,30,26,46,32,5,11,16,25,5,41,28,14,17,35,17,18,16,46,33,42,15,7,50,51,54,5,53,6,32,24,18,2,22,63,12,53,28,50,14,2,17,45,60,62,35,19,54,56,3,41,51,11,27,49,5,53,17,30,54,6,31,3,37,35,31,28,61,22,61,37,29,62,54,35,15,26,56,18,49,16,19
8,23,4,60,19,31,48,47,26,10,59,49,24,11,44,28,48,56,57,58,39,59,42,41,14,30,44,45,32,2,11,21,35,15,17,8,6,9,2,40,16,9,23,32,63,43,39,51,5,45,38,46,15,39,40,30,16,45,52,53,62,22,23,62,49,13,51,25,4,23,28,57,33,29,41,54,41,8,37,49,53,5,2,49,4,21,17,46,4,18,59,45,8,53,26,42,42,50,32,8,59,33,4,49,20,33,50,29,41,54,6,24,2,50,36,10,11,39,17,11,22,21,24,40,22,4,23,35,60,27,2,3,46,43,39,61,57,16,3,6,4,29,51,52,37,51,1,3,48,47,60,27,9,32,6,58,58,58,11,42,35,63,12,50,4,14,19,36,56,15,38,45,8,15,1,22,30,51,24,55,27,33,24,6,38,56,25,20,59,35,52,58,56,28,60,10,11,21,10,6,9,54,0,29,8,33,27,38,55,36,51,60,23,30,27,57,28,30,45,18,53,19,63,38,33,42,58,13,10,10,11,23,7,55,23,44,48,21,6,16,51,52,10,41,1,56,28,47,8,22,25,21,38,49,54,4,48,24,34,58,49,29,25,62,5,56,63,46,33,52,61,28,57,38,11,25,43,28,14,56,39,57,15,42,5,31,39,18,3,10,14,54,24,57,59,55,60,11,50,13,24,41,57,52,51,30,0,47,24,24,56,49,63,48,26,21,11,47,52,36,57,44,14,56,6,53,30,13,41,61,47,46,54,23,4,63,34,41,33,59,2,13,37,49,60,50,1,33,62,47,48,8,33,53,49,49,15,10,7,46,22,14,30,32,4,26,30,4,52,13,7,0,4,49,36,28,11,40,43,32,11,57,25,19,32,33,30,63,32,45,51,10,29,20,26,22,46,37,9,14,33,53,63,29,1,46,22,19,37,20,12,9,7,2,36,56,63,14,46,5,24,25,13,18,41,28,36,4,4,3,12,21,44,45,34,6,23,49,7,62,41,57,12,8,15,28,29,14,8,52,63,5,44,55,41,47,60,45,25,42,26,41,38,47,1,3,55,17,2,9,0,25,57,7,63,39,10,17,53,44,4,6,13,28,22,15,29,48,31,42,60,4,51,10,37,12,57,44,21,20,20,14,21,0,17,47,51,30,6,4,54,29,46,63,29,22,14,11,62,60,19,10,20,34,45,57,18,49,34,46,22,25,34,63,48,30,35,22,55,23,6,33,33,44,61,48,29,27,59,58,38,9,17,24,51,21,60,19,9,21,55,34,7,55,13,29,2,22,43,3,56,6,27,16,26,4,6,14,56,22,6,5,55,42,13,38,17,22,14,30,42,50,47,17,58,10,43,19,30,8,12,49,36,35,54,23,25,47,20,41,17,48,16,41,56,31,21,44,7,42,10,28,52,30,16,18,40,54,9,2,50,52,8,10,49,28,29,25,16,5,16,47,35,17,32,17,38,31,10,0,61,5,16,29,22,40,43,0,63,18,9,31,34,60,50,59,41,61,37,45,60,11,27,51,18,55,16,23,45,9,38,16,21,45,60,36,39,30,49,52,48,29,23,41,26,27,4,15,25,60,35,30,19,11,62,0,20,44,56,47,16,14,56,40,13,18,22,52,10,24,53,5,63,23,16,36,7,35,0,62,36,42,45,10,24,26,21,25,60,55,46,13,12,22,59,23,29,25,52,41,8,39,47,9,55,37,21,42,30,57,57,51,11,19,29,6,5,50,57,31,18,18,9,8,21,37,25,18,5,9,30,58,50,59,59,52,8,3,55,2,26,41,16,58,9,61,5,29,0,15,49,49,35,49,50,30,29,44,2,6,32,57,25,47,10,24,57,0,7,47,9,31,7,48,58,49,4,63,28,62,57,54,50,40,23,53,18,9,7,26,54,43,47,34,14,51,46,29,44,18,22,22,48,42,32,19,26,28,46,37,52,47,58,46,33,23,19,10,15,30,46,3,16,63,41,2,32,9,47,14,18,25,9,26,29,35,32,21,24,36,0,20,2,13,29,33,29,26,32,16
45,9,61,2,35,57,46,18,7,11,44,33,36,31,26,49,3,3,13,39,49,54,57,12,39,28,24,60,46,19,20,60,41,20,55,12,40,6,5,33,17,51,19,22,59,56,12,27,10,0,0,26,32,23,13,4,38,8,52,62,58,14,6,54,45,3,2,15,15,53,55,36,2,48,22,59,26,62,8,45,1,5,56,39,45,45,9,48,36,8,9,63,19,23,63,57,13,11,35,47,42,56,61,22,43,52,18,34,38,39,34,44,19,36,12,14,27,53,61,40,52,26,14,35,55,18,44,48,30,1,20,2,63,16,58,57,42,43,15,0,46,55,34,18,18,16,57,16,4,41,56,44,32,30,23,5,34,20,33,37,26,1,41,1,3,38,10,21,4,27,17,61,44,16,49,30,15,5,22,52,40,3,61,21,19,45,24,16,31,21,31,21,61,32,33,8,20,7,33,8,31,5,19,21,33,1,34,26,57,6,59,0,17,10,46,43,20,43,7,42,43,51,43,22,28,24,45,54,63,54,23,58,37,38,37,50,24,21,37,25,19,59,1,15,36,41,40,49,21,42,56,46,25,46,26,16,1,46,35,55,11,2,25,52,13,14,11,58,61,13,37,14,54,21,44,13,50,11,10,17,53,30,29,26,30,52,10,32,9,15,18,44,58,61,18,13,45,23,57,47,55,39,13,16,1,30,15,40,40,34,21,30,10,30,9,9,58,10,28,61,50,5,26,2,25,0,55,22,17,55,23,39,44,48,48,27,6,9,40,0,46,11,26,60,54,7,25,44,19,20,42,39,22,0,59,11,35,0,23,6,7,16,7,47,46,11,50,58,43,39,50,43,28,6,3,5,1,53,2,17,55,18,29,40,23,17,3,45,12,21,57,12,34,45,48,28,57,52,50,49,19,39,35,22,44,48,62,63,26,59,27,60,11,56,4,19,25,8,16,6,12,59,57,12,15,4,35,44,31,37,14,15,44,34,58,33,3,41,41,30,59,49,20,8,10,37,26,54,20,4,35,51,45,62,48,62,9,17,12,15,33,62,12,55,26,45,27,40,61,33,38,1,40,5,59,56,0,13,21,39,48,0,11,52,47,7,53,24,30,41,14,36,40,27,61,0,23,51,5,45,59,1,1,13,21,52,53,10,60,9,61,2,38,16,18,14,7,3,18,61,7,47,8,57,30,10,7,62,18,44,43,31,21,61,38,48,11,38,55,31,40,11,4,12,3,50,56,46,63,11,38,21,46,29,43,38,32,17,55,1,52,4,31,35,50,34,43,37,49,8,20,19,1,28,44,17,50,46,18,26,55,35,31,42,58,4,9,16,11,29,24,28,63,20,18,36,46,1,13,59,6,43,5,7,24,58,52,13,23,60,60,37,62,31,43,31,44,52,23,22,59,37,8,57,2,59,16,5,32,40,27,47,20,25,61,13,34,53,1,63,35,37,57,31,20,59,20,7,31,32,28,1,26,1,29,10,9,63,18,55,23,53,12,29,8,17,51,33,26,10,10,49,31,16,39,35,39,61,42,50,13,37,2,13,14,41,55,24,28,41,18,0,28,29,3,39,47,56,23,14,25,26,50,22,39,10,15,31,46,19,12,2,35,62,25,35,41,1,15,61,29,12,51,9,62,62,28,62,10,1,30,1,1,6,2,9,52,31,30,10,10,8,3,8,60,41,53,15,0,34,22,5,6,32,1,2,49,6,40,4,46,52,38,27,22,38,43,1,32,13,53,35,22,35,34,9,24,31,34,26,23,10,3,18,29,62,10,27,58,24,12,16,8,6,38,43,7,35,4,7,36,22,15,39,1,62,37,25,40,63,29,49,6,52,9,39,27,19,35,25,59,42,30,41,63,52,23,39,30,43,29,6,1,45,20,7,8,50,18,46,3,17,8,16,51,47,59,38,36,22,25,40,23,46,58,27,56,14,11,54,32,19,11,15,4,61,28,30,56,42,7,25,57,32,36,14,11,53,53,23,40,15,22,33,14,49,15,11,55,15,4,14,50,22,27,10,10,39,19,47
57,10,22,18,48,12,2,56,10,62,56,44,31,11,17,40,62,3,7,61,25,5,25,18,46,47,42,17,2,25,53,25,34,32,8,53,37,21,45,39,28,0,41,51,10,37,31,56,46,22,7,52,4,47,20,52,16,0,51,19,12,59,8,16,9,26,52,38,3,14,43,59,4,18,49,8,34,29,35,36,63,47,19,25,59,1,21,21,43,3,41,55,18,23,5,46,20,13,39,38,3,55,4,4,24,5,23,16,27,54,42,9,52,48,54,11,54,13,63,10,48,45,34,52,12,32,12,13,9,15,5,30,41,32,33,38,11,56,7,28,32,5,48,57,41,18,28,19,33,29,18,11,62,29,11,29,27,34,62,52,0,58,35,42,27,4,22,24,46,48,42,24,45,3,56,1,5,19,34,19,48,1,15,27,56,42,11,28,42,52,46,29,51,40,7,36,19,14,60,55,30,41,13,35,40,57,35,63,48,1,57,10,26,2,63,26,42,55,59,14,13,43,62,45,13,14,5,27,44,6,1,61,40,44,24,49,54,12,42,50,3,48,42,51,19,31,57,58,59,38,47,58,49,29,44,41,42,25,11,1,26,22,57,42,14,18,27,5,6,15,55,11,41,53,5,28,40,45,54,24,3,7,14,20,46,47,18,10,62,26,48,63,26,0,6,50,32,3,14,44,45,28,33,25,26,10,2,3,28,62,37,18,23,28,51,27,21,55,28,43,0,4,39,19,25,63,50,11,58,48,9,19,22,27,51,49,58,48,3,24,28,24,18,55,1,20,34,36,61,1,56,29,41,8,24,13,59,16,56,18,4,51,49,1,40,61,1,48,60,48,20,63,54,11,29,3,4,3,48,12,25,17,34,30,56,46,38,29,12,42,54,1,23,50,2,55,24,61,18,35,43,11,59,25,2,2,60,19,5,33,33,15,4,55,11,5,14,63,26,1,40,20,54,23,1,49,53,19,40,31,46,14,2,36,42,36,31,41,17,32,61,37,25,26,26,25,40,33,60,10,9,25,60,1,23,62,38,7,15,61,20,59,59,13,5,45,56,56,36,29,39,12,19,20,29,11,56,42,46,60,8,5,20,10,1,6,51,22,57,9,12,22,63,36,57,11,10,29,0,58,18,58,29,62,56,7,57,9,51,1,29,38,23,26,0,19,34,40,48,39,9,34,3,7,52,28,3,52,42,38,4,50,42,12,33,5,16,55,47,51,37,17,57,55,42,34,8,29,52,58,3,23,3,39,38,26,62,12,59,51,4,58,36,54,12,59,9,14,29,30,8,4,52,21,3,37,60,17,25,0,31,54,52,23,29,60,33,18,60,39,9,15,29,28,43,53,32,16,6,39,29,22,54,27,12,20,47,42,1,36,10,6,21,1,13,39,61,51,11,55,43,44,44,0,30,25,9,28,29,5,24,43,43,43,15,9,24,38,38,42,48,34,22,40,43,50,43,59,11,54,32,3,2,20,45,13,4,37,31,4,10,53,27,17,23,58,8,59,63,33,24,22,9,39,46,30,31,9,37,23,20,22,7,15,61,21,34,32,38,23,39,27,24,21,54,61,1,29,44,42,13,27,35,45,5,20,39,55,12,40,25,32,0,56,33,43,33,1,61,20,11,0,45,38,60,36,26,0,51,42,7,52,4,57,14,31,39,55,0,28,22,17,63,18,0,31,5,53,18,32,56,61,1,19,36,37,62,42,27,9,50,0,42,0,58,31,36,29,50,43,6,48,43,8,38,34,10,58,20,30,47,46,2,45,7,45,37,63,20,9,24,44,7,45,56,16,19,11,50,16,45,61,49,46,61,24,62,37,43,46,37,55,45,55,25,30,1,2,44,25,21,32,57,3,49,33,62,36,26,5,35,52,26,8,50,32,49,22,36,34,43,46,44,9,11,22,24,36,51,13,34,8,12,22,33,35,42,41,2,6,58,24,51,61,0,19,46,4,17,59,2,3,18,22,55,7,9,6,1,16,50,3,30,62,35,19,10,29,36,13,18,9,46,61,20,52,60,1,4,16
56,21,51,3,18,63,44,51,15,52,62,19,11,54,46,6,57,5,55,35,40,11,51,55,14,0,35,50,22,14,48,41,22,58,34,15,6,35,30,22,49,23,11,62,30,3,7,35,61,11,28,17,56,56,31,21,10,1,57,59,9,11,41,17,0,45,61,14,22,18,14,15,11,0,62,16,56,17,55,10,48,22,39,54,19,8,32,30,34,47,1,46,61,21,14,11,35,6,36,9,42,43,29,5,22,32,12,3,26,29,17,44,52,37,5,2,51,55,63,53,54,20,52,30,2,35,60,45,30,3,26,16,5,55,42,45,5,29,32,46,18,63,36,8,15,22,42,32,17,46,18,40,15,63,13,34,14,56,41,2,17,43,57,45,32,6,33,20,40,29,8,20,51,54,49,57,38,55,7,6,34,32,8,2,7,50,12,44,48,5,17,0,26,22,62,45,54,25,51,24,23,6,6,41,27,45,50,50,43,40,46,8,35,4,15,35,63,62,37,13,3,54,19,23,21,50,40,18,14,33,18,38,58,61,41,32,50,49,5,23,61,9,11,23,33,25,28,51,29,59,37,13,57,5,48,63,0,15,46,23,32,13,21,28,52,20,5,20,49,32,9,62,19,28,44,25,7,6,52,5,18,52,0,53,42,17,12,28,34,18,22,35,40,20,62,18,52,58,57,51,59,8,15,5,20,6,25,24,43,33,50,27,5,19,45,50,40,59,63,33,9,10,12,16,46,52,37,52,57,40,5,40,21,47,16,40,43,25,16,26,26,16,56,30,28,49,1,55,5,21,43,24,34,7,14,46,55,42,8,47,50,8,43,58,44,3,45,36,61,24,33,16,34,21,61,41,12,49,18,9,29,18,27,14,20,10,28,3,59,20,29,18,45,18,0,11,0,36,56,45,60,20,35,15,39,26,52,10,32,17,7,36,29,34,54,52,24,26,23,19,8,21,58,20,47,60,38,56,49,5,28,53,59,0,55,59,27,2,2,52,26,5,63,52,31,27,63,31,4,21,37,58,61,11,6,49,17,14,62,23,31,22,6,28,3,33,53,58,24,25,48,10,34,36,60,9,2,40,24,32,48,23,3,45,31,16,38,11,42,24,46,47,59,19,42,39,3,60,50,61,13,0,13,15,6,4,15,7,29,12,38,10,12,43,20,40,17,9,46,41,5,32,1,21,37,13,46,43,4,41,36,57,16,40,51,44,15,6,3,11,17,23,19,1,0,46,31,15,55,13,39,2,12,10,32,63,17,55,43,26,0,1,41,10,12,3,45,28,34,15,50,32,27,13,46,16,46,57,29,9,16,22,52,9,39,34,45,53,39,8,4,61,21,20,42,35,15,10,34,43,22,35,12,7,42,54,24,9,15,22,34,0,47,48,37,56,43,12,27,46,53,47,4,16,26,15,44,8,46,23,20,26,33,41,6,55,60,51,12,34,19,35,21,42,18,59,20,34,22,43,58,21,57,27,18,43,63,22,10,34,4,25,1,38,50,10,32,56,22,8,44,55,4,48,44,63,57,56,5,62,50,54,37,38,49,4,13,11,20,42,17,17,41,50,53,35,0,48,42,3,5,61,9,50,9,41,30,54,44,30,8,15,60,19,23,52,37,6,55,23,25,27,26,24,33,23,24,5,63,9,4,20,57,15,19,44,48,43,6,57,10,60,30,27,50,4,12,57,31,8,27,3,29,58,19,21,6,23,27,15,24,36,13,41,11,44,22,8,49,15,4,54,50,20,34,39,20,9,62,23,19,34,0,27,58,49,35,54,7,8,29,12,1,36,3,49,58,53,44,2,24,19,12,38,3,49,8,62,27,0,36,20,3,63,9,44,24,12,12,22,51,25,3,59,8,19,61,6,30,43,32,47,29,19,35,10,0,28,42,26,53,60,53,31,34,44,15,4,32,27,24,11,34,37,43,38,51,28,4,3,25,19,18,38,38,30,0,46,5,2,34,12,53,58,29,54,58,42,51,10,48,49,26,31,28,30,36,61,53,10,44,39,21,50,39,17,42,24,20,4
18,11,17,26,23,32,0,22,53,10,46,13,57,15,9,59,6,24,18,9,47,10,34,35,27,18,57,35,27,23,32,42,26,4,29,63,2,12,42,35,29,36,3,57,54,41,52,13,52,4,46,45,43,43,44,53,13,40,7,17,26,31,43,23,43,53,56,62,44,40,18,63,8,46,8,22,25,51,49,44,27,15,62,18,41,57,31,28,41,61,46,58,14,52,5,53,27,7,46,3,13,41,23,41,12,33,49,56,51,50,15,8,34,34,42,25,36,8,50,44,14,43,46,31,53,16,40,15,58,50,51,15,4,18,21,28,31,51,46,56,63,47,47,37,25,31,35,27,12,9,45,44,51,18,50,42,51,56,5,33,48,48,49,8,53,53,43,5,61,24,58,54,20,33,31,34,49,41,24,37,23,56,10,36,20,41,7,25,40,1,17,31,35,0,11,21,37,5,37,52,35,34,37,33,27,61,2,14,57,58,14,45,40,21,23,18,41,7,63,35,0,32,26,3,51,1,14,55,1,4,27,3,46,47,9,31,24,1,38,46,0,35,40,50,22,50,51,63,24,26,33,3,35,55,52,10,0,47,33,50,44,1,36,35,41,12,11,22,60,4,37,5,8,28,19,38,50,40,16,34,52,0,50,63,10,14,52,42,19,56,2,46,29,25,16,37,51,46,53,31,58,6,42,62,25,8,55,29,44,50,49,38,15,21,58,51,52,31,51,22,9,29,53,31,36,19,31,5,18,27,9,10,55,19,31,3,48,21,45,9,37,44,32,46,60,44,44,30,20,0,39,18,53,10,15,16,50,18,27,15,49,28,30,13,44,59,38,23,33,44,35,22,62,47,46,50,62,3,61,32,29,40,22,21,6,47,4,0,19,18,34,52,31,13,14,31,57,13,40,10,5,7,6,17,53,5,35,40,53,59,56,28,1,6,56,44,12,29,0,26,18,4,33,10,44,4,30,44,4,9,37,45,32,32,55,40,30,33,19,0,34,39,5,23,12,13,32,39,36,14,15,3,9,32,21,27,45,2,48,18,9,4,63,24,26,59,1,8,38,25,0,18,62,4,45,4,19,25,3,51,42,27,16,5,12,12,20,0,48,4,1,9,36,34,14,21,14,1,60,26,5,0,43,40,22,17,7,45,31,0,40,46,9,6,43,22,62,33,54,61,42,11,8,20,59,25,8,18,62,0,15,33,8,1,37,51,23,38,53,36,27,23,59,3,10,30,50,10,29,57,27,52,43,24,20,46,55,29,27,31,21,3,47,53,27,28,2,0,22,20,0,21,33,57,58,26,22,3,10,62,22,53,41,63,26,43,32,41,43,43,26,17,3,40,35,23,49,9,13,43,5,24,7,17,51,57,4,36,50,14,57,37,62,22,15,27,1,6,49,0,62,55,18,1,62,24,44,53,21,4,44,39,16,55,14,0,20,5,54,59,20,34,25,62,23,15,37,6,5,63,31,50,21,60,22,50,52,51,55,61,1,62,10,51,32,14,61,23,52,60,25,47,20,28,44,60,60,14,59,48,27,6,36,18,62,12,30,60,51,22,35,31,21,47,58,35,51,9,63,25,10,24,8,60,55,23,44,40,39,61,40,60,58,49,6,5,57,58,27,32,56,21,62,61,42,59,47,56,56,36,36,21,55,40,42,58,32,10,54,23,14,31,63,21,54,34,1,49,54,45,47,12,63,2,14,57,49,33,13,23,35,11,47,5,34,1,24,32,32,28,51,20,11,41,53,46,0,17,6,39,18,31,54,30,38,34,17,30,49,10,47,21,16,29,60,62,45,10,21,45,17,45,21,51,39,39,18,48,28,5,3,55,60,14,63,9,34,35,13,7,25,54,5,57,34,34,32,28,17,49,62,17,17,27,12,49,61,11,59,49,14,16,34,47,50,41,41,40,16,60,34,14,40,29,22,55,32,28,46,26,19,46,39,46,30,59,1,53,16,61,35,0,16,52,55,60,12,16,13,63,62,63,13,29,43,10,21,8,24,52,16,34,43,38,62,63,15,6,22,19
43,31,2,12,57,21,10,61,17,11,20,30,54,25,62,35,31,13,16,13,40,19,22,6,53,34,52,11,1,32,23,31,15,20,36,57,49,22,17,26,25,0,16,21,5,39,34,56,43,31,22,31,0,39,38,42,30,33,3,29,53,33,47,61,4,54,33,36,43,40,11,4,47,8,22,3,0,57,34,36,57,24,52,38,43,35,55,17,58,38,53,36,44,3,2,48,3,1,11,47,16,21,62,59,20,22,48,26,15,4,30,11,38,22,63,0,26,57,44,42,24,38,45,5,32,24,15,43,39,54,42,23,28,37,41,12,41,29,3,46,22,53,33,7,13,40,7,56,1,50,25,51,22,20,58,0,48,60,45,19,22,60,33,8,26,2,59,37,47,19,43,38,5,49,5,52,20,59,45,6,38,23,55,33,61,44,3,56,29,26,24,21,29,45,7,33,44,12,26,58,50,17,48,46,54,41,28,25,44,57,14,32,9,31,21,14,47,14,38,37,58,46,42,32,9,47,37,33,26,9,17,8,32,11,26,41,11,39,28,45,28,2,45,3,18,0,43,59,50,13,33,60,40,27,63,35,23,25,16,28,9,47,0,41,44,20,52,3,49,27,27,7,8,26,5,7,47,57,60,63,8,58,27,54,62,58,18,13,47,5,24,26,16,47,62,38,30,25,33,49,2,15,20,31,61,28,36,12,17,26,47,51,7,35,21,9,15,6,53,57,60,41,29,56,60,41,0,28,42,49,61,19,16,5,36,9,44,9,14,53,61,54,34,63,38,21,62,25,3,4,52,11,47,56,24,0,10,50,60,12,18,26,17,22,36,36,1,8,44,1,30,15,61,35,19,30,56,60,51,40,46,62,33,53,18,33,63,48,41,7,12,38,13,7,19,21,54,48,18,46,0,46,51,56,62,16,29,11,58,47,25,14,16,40,31,55,37,10,0,61,39,0,2,62,54,14,62,15,63,8,5,40,40,48,26,42,35,33,0,57,39,29,60,12,29,18,17,19,3,19,42,29,56,5,30,61,7,46,52,45,8,29,49,28,11,58,19,22,1,4,14,38,35,17,33,57,9,18,50,3,63,51,60,56,20,51,13,55,13,52,53,38,45,6,22,17,28,29,38,30,40,22,8,50,3,53,43,4,31,16,26,12,21,20,25,46,55,49,12,5,59,26,51,4,63,52,57,38,24,53,30,3,5,44,5,11,15,6,5,17,24,42,0,25,39,22,47,34,33,53,26,60,20,27,29,48,52,57,50,45,53,34,29,21,8,20,13,34,37,55,33,28,61,47,8,49,18,51,20,7,11,51,0,45,63,25,2,31,42,28,62,18,21,7,44,49,24,31,0,61,47,47,31,45,49,32,59,40,22,17,4,54,17,47,4,17,35,38,59,24,26,7,41,40,57,57,27,22,15,31,7,54,62,61,39,12,32,62,60,44,18,0,63,20,19,49,23,8,10,56,3,39,14,56,18,45,44,54,32,29,10,60,15,42,58,15,52,42,26,22,57,4,31,11,35,25,15,6,21,58,63,25,24,30,46,20,32,16,63,29,63,42,2,27,52,1,46,40,50,60,6,10,50,46,30,61,51,14,56,19,60,23,10,3,17,17,21,34,12,61,38,27,62,51,2,8,57,47,34,53,44,55,5,27,5,13,44,50,9,15,12,36,29,46,45,31,34,45,44,21,23,51,52,58,22,2,60,59,62,51,58,1,53,14,23,38,21,51,1,20,8,16,56,9,3,57,40,1,24,12,58,35,44,9,44,9,32,58,55,55,2,54,62,58,59,8,31,9,60,53,28,41,44,46,13,40,8,56,5,52,38,10,49,23,22,4,58,0,13,29,44,44,18,12,19,32,25,25,55,57,35,52,50,32,3,37,49,13,1,26,13,40,48,11,2,28,6,19,34,21,52,35,13,0,17,26,22,17,43,21,59,3,41,51,37,10,61,34,14,20,29,47,53,52,29,49,51,30,12,2,0,30,12,0,51,43,51,3,57,22,24,52,50,45,20,32,4,46,42,40
41,2,59,7,56,5,49,11,4,11,43,43,3,44,45,44,16,56,24,15,62,52,44,19,24,60,4,41,52,40,26,58,53,40,44,30,9,54,20,58,10,27,11,54,20,61,42,8,50,6,37,12,33,27,23,6,17,8,32,6,30,37,39,1,11,17,60,3,18,13,9,26,46,36,57,56,29,27,1,45,41,11,50,35,49,0,28,52,18,38,24,1,26,40,21,6,25,37,31,22,56,28,49,22,22,62,20,1,8,13,47,6,35,61,42,36,62,46,15,13,26,20,32,4,41,55,58,1,58,60,30,26,48,47,8,24,23,38,4,47,33,59,62,62,33,10,2,34,53,44,6,27,53,16,11,16,24,43,30,27,32,6,33,32,63,15,14,25,24,22,61,50,14,24,52,53,35,19,31,17,1,38,56,58,33,11,5,42,3,4,62,19,3,32,42,31,12,39,33,35,11,62,11,63,41,21,58,0,23,11,55,13,0,58,26,21,4,62,28,31,41,8,44,18,28,23,7,33,32,15,47,25,15,19,49,30,46,9,19,52,24,41,35,24,17,5,17,5,2,53,30,56,0,50,6,23,55,20,36,16,37,20,2,30,46,48,33,61,45,12,38,63,26,48,4,10,21,16,3,32,36,33,22,11,1,52,59,60,42,35,21,30,34,59,42,32,5,24,11,0,22,53,28,6,40,14,57,38,46,4,56,47,23,42,26,22,24,44,51,9,59,57,0,3,17,14,48,39,8,1,20,57,16,53,43,62,29,42,47,0,55,37,63,31,14,15,51,20,32,10,43,8,14,61,33,43,7,15,38,26,51,23,4,45,61,28,16,20,63,38,31,39,49,46,60,6,39,18,15,27,29,15,17,28,47,37,61,40,13,3,60,25,14,27,38,0,46,60,4,12,36,5,30,50,55,5,45,35,23,43,3,20,23,8,58,55,58,20,56,4,12,46,32,35,23,26,61,33,12,2,61,35,17,33,28,55,18,22,6,10,54,33,32,42,61,21,30,6,53,15,18,27,43,32,46,59,51,52,43,58,18,12,14,38,52,63,42,61,39,31,61,14,12,43,28,53,7,25,33,45,55,28,26,46,61,48,13,1,48,2,28,5,39,39,29,43,16,17,20,8,13,55,23,4,3,17,45,35,11,30,22,63,20,0,25,40,34,58,1,1,43,11,47,19,13,3,62,25,35,41,58,38,11,36,20,7,25,41,2,54,21,43,25,45,27,38,55,59,17,15,58,37,57,40,26,10,33,58,35,31,9,18,37,58,0,1,55,57,39,51,5,30,4,58,63,30,39,19,44,61,13,63,32,26,3,43,36,52,62,47,32,29,34,40,55,34,10,56,43,60,14,20,27,52,38,38,13,28,41,60,6,5,36,56,54,14,20,24,39,26,29,3,23,38,31,32,50,25,62,28,38,63,28,5,20,60,31,1,24,51,50,46,55,23,53,12,34,51,13,11,55,63,28,47,19,15,28,14,39,14,0,46,9,1,9,48,52,29,23,29,58,51,22,50,24,26,41,43,8,1,52,43,49,20,31,30,52,62,24,15,46,20,24,50,26,38,41,26,59,45,43,44,36,11,8,34,48,26,51,32,10,61,31,33,45,54,23,5,24,6,43,6,60,61,36,47,12,57,45,39,59,7,6,61,55,4,36,10,15,47,50,60,52,21,0,6,35,3,37,26,63,24,63,62,60,36,40,31,8,18,26,6,23,37,9,40,13,60,26,27,15,20,22,39,45,39,60,4,49,19,59,1,24,56,8,10,46,49,62,50,50,35,2,12,1,42,0,2,54,44,15,40,12,34,15,41,4,54,9,51,31,49,14,17,43,60,1,9,15,13,16,20,41,27,17,63,23,29,0,15,30,3,40,21,32,58,62,6,18,12,20,60,17,30,61,9,18,21,0,3,12,18,39,11,22,12,52,31,2,45,5,14,41,42,25,1,54,41,23,24,13,5,11,58,41,55,9,17,18,37,43,7,21,54,47,22,4,63,16,62,23,2,56,23,2,14,35,22,52,52
11,21,49,53,24,22,6,19,36,63,7,36,39,14,56,36,21,6,36,62,4,18,38,41,22,9,43,22,33,15,51,29,55,61,47,62,28,58,26,57,2,11,27,2,36,31,30,9,52,49,48,18,57,51,17,37,28,34,19,11,48,39,46,9,21,26,8,18,52,34,29,33,38,26,55,20,51,48,19,18,36,48,39,29,12,22,24,57,11,29,45,5,29,35,46,35,40,42,58,26,34,6,63,17,12,51,7,13,0,39,14,1,40,0,12,37,5,54,14,31,53,4,24,20,0,24,45,61,14,14,53,45,40,16,22,21,29,28,10,38,45,7,31,25,13,9,24,7,43,6,13,11,59,54,19,50,12,19,30,22,7,36,15,54,28,2,21,44,0,54,15,28,8,17,61,29,42,25,28,48,9,62,7,22,8,23,27,34,58,41,9,9,4,47,44,17,48,4,6,52,25,16,31,30,5,59,28,25,6,58,39,34,16,52,8,48,31,55,55,51,39,4,31,26,10,57,42,21,23,16,11,15,53,14,11,7,33,47,17,10,13,5,27,2,28,46,59,11,24,56,52,22,45,6,6,55,24,19,11,44,9,30,51,41,18,40,50,45,44,41,6,40,57,33,17,43,29,57,35,49,20,43,4,34,22,39,47,0,21,53,18,27,41,41,21,38,13,27,6,10,13,23,52,9,1,43,35,39,40,37,33,4,60,11,22,6,14,42,44,5,58,20,46,63,15,3,29,25,15,45,6,62,24,27,59,35,37,63,52,56,18,44,4,36,3,44,13,28,59,42,61,62,13,23,28,21,30,3,53,42,37,2,55,61,29,43,25,39,34,0,6,54,30,9,44,46,37,61,62,49,52,62,23,47,48,25,49,43,18,2,34,36,9,23,25,44,36,36,39,41,63,49,54,41,17,31,33,50,23,59,15,19,16,2,33,27,7,39,52,57,59,28,48,39,23,10,15,14,25,17,58,55,14,27,61,56,42,43,16,13,15,2,11,28,3,58,35,4,43,0,21,60,28,49,9,5,34,57,18,4,11,3,51,31,54,32,37,57,58,8,16,32,31,16,41,29,33,25,14,55,31,1,42,57,11,26,1,9,14,37,53,21,14,34,23,42,22,25,14,2,33,51,15,8,40,51,15,3,7,18,16,18,19,48,19,9,24,59,3,8,25,30,54,24,28,20,4,8,5,20,42,37,53,54,35,34,56,50,6,60,25,3,38,40,8,25,50,4,16,7,57,39,12,25,9,2,47,60,53,35,59,40,1,19,49,55,5,56,56,51,42,5,53,9,31,34,10,49,27,59,12,20,41,63,17,12,34,50,54,51,9,21,41,40,33,62,12,40,30,20,26,33,47,13,45,29,49,0,60,20,22,5,45,0,21,44,31,32,55,43,34,47,61,60,40,5,50,12,25,47,13,43,41,18,52,41,24,37,53,58,55,12,24,17,57,4,26,33,1,30,42,47,32,59,11,30,29,56,5,47,20,8,22,16,18,63,36,2,17,3,3,9,49,48,40,26,36,47,61,2,38,4,26,10,46,45,62,1,26,0,26,31,49,49,43,51,49,51,20,7,0,20,6,48,39,19,32,15,24,42,57,27,32,21,7,17,32,5,13,59,37,59,46,9,60,29,48,27,22,19,23,5,10,19,26,53,50,5,11,28,48,21,63,46,55,34,32,30,61,43,2,38,30,27,5,3,49,14,12,15,38,33,39,57,14,31,4,44,53,38,55,13,19,58,28,5,2,28,49,9,56,7,14,40,57,2,23,18,43,23,14,31,28,43,63,40,58,28,2,13,54,46,10,43,58,28,31,57,5,16,27,35,39,19,16,14,53,35,15,41,5,22,26,55,60,9,53,27,34,18,17,61,36,55,61,37,24,63,19,8,52,20,4,7,34,2,55,13,58,39,50,58,45,48,25,32,11,34,46,55,38,28,17,59,12,33,4,51,7,50,8,60,50,37,11,30,42,22,1,39,25,21,17,10,32,13,59,19,25,57,52,18,2,6,1,33,63,56,62,54
49,39,19,22,62,8,50,0,9,6,29,10,38,8,63,8,18,41,57,32,19,55,20,53,14,3,59,62,38,38,59,60,24,45,49,60,49,43,18,15,51,38,46,39,38,7,12,23,49,8,5,28,14,11,13,53,55,62,53,9,16,4,45,63,48,23,0,16,23,21,28,36,40,12,54,6,53,13,18,12,63,56,44,46,30,33,13,24,37,12,21,52,43,42,18,46,2,16,57,12,58,14,39,43,63,40,49,59,6,60,24,14,52,59,20,35,44,14,9,10,31,35,34,51,23,1,25,58,38,26,41,46,26,56,4,0,13,54,56,13,61,36,60,62,27,35,7,44,2,18,52,54,54,51,8,56,12,16,61,23,58,31,37,8,3,31,2,43,46,58,17,46,52,63,3,11,49,35,50,7,12,4,43,57,49,33,51,36,55,41,1,6,53,12,21,54,17,54,3,57,57,31,2,59,21,22,24,11,61,13,19,58,35,11,23,61,12,2,27,39,5,44,9,13,61,24,25,0,50,47,39,7,3,24,40,1,39,7,42,18,10,63,4,30,61,46,13,45,2,55,33,26,43,34,40,36,17,56,44,6,16,53,2,28,61,41,13,26,15,26,26,17,46,59,16,61,42,61,12,41,6,14,21,49,54,14,9,52,40,17,23,61,47,1,53,45,51,22,59,48,16,59,52,50,28,18,38,45,43,20,6,63,19,30,54,19,36,29,28,1,21,5,31,8,28,1,3,61,21,25,42,48,49,15,1,22,26,26,7,46,52,3,15,36,10,42,41,21,16,19,1,48,24,11,28,11,29,28,32,20,24,6,11,61,43,27,5,48,32,33,37,22,8,42,23,9,26,61,47,25,62,40,54,1,3,37,48,36,20,4,35,51,29,37,53,25,29,22,59,50,54,11,57,39,51,28,59,40,18,25,31,63,57,34,27,63,5,16,62,27,1,40,1,31,38,8,34,38,11,14,2,53,4,38,40,28,43,36,1,7,56,46,8,15,58,61,63,25,18,15,54,58,4,35,42,9,41,1,29,4,30,9,23,23,58,56,18,20,39,28,16,25,61,57,11,60,26,8,53,52,6,11,47,26,20,6,54,4,16,30,42,1,39,13,53,52,15,33,8,14,37,13,28,18,18,24,0,24,41,62,8,42,5,13,2,22,12,22,37,28,63,1,47,58,31,44,39,27,33,53,55,10,48,45,47,27,1,16,7,52,4,40,23,56,24,56,25,60,50,1,10,5,13,20,55,53,40,27,44,37,27,30,63,8,28,56,6,34,8,63,62,60,4,16,44,19,9,38,47,25,7,9,41,47,9,4,10,40,54,8,60,27,17,22,52,7,45,38,61,62,28,62,46,35,53,19,14,52,53,36,63,28,9,19,31,5,35,7,62,48,41,16,55,6,47,23,42,25,2,14,45,41,58,5,13,7,63,33,14,56,42,40,28,11,5,61,7,0,37,14,16,0,61,18,54,60,55,25,13,23,10,35,17,24,24,9,34,0,9,50,37,37,48,40,43,62,4,13,0,44,9,43,31,4,7,40,42,63,0,25,3,16,42,26,55,46,3,27,58,61,48,55,33,6,19,48,15,4,21,34,57,63,29,9,47,21,44,21,59,17,18,7,37,3,17,29,17,23,41,59,37,8,33,9,47,30,18,24,40,0,62,22,15,62,62,14,52,58,58,34,46,26,0,11,24,46,18,25,16,19,52,56,54,2,58,54,45,15,38,8,20,55,44,63,59,18,46,3,62,60,56,30,55,62,43,41,45,44,29,52,37,41,6,29,46,10,49,8,40,7,9,38,50,17,60,43,39,58,42,34,31,36,1,44,5,50,62,36,31,3,28,39,40,16,39,48,24,0,2,22,48,1,63,32,32,47,19,22,38,56,35,9,19,3,15,30,48,16,46,3,60,22,61,44,40,30,50,33,37,36,47,27,41,51,17,17,11,12,39,20,15,30,46,6,39,36,33,37,14,31,41,39,0,19,13,16,51,39,55,12,39,39,12,36,40,6,56,59,39,16