12,71,43,44,67,73,61,42,66,5,25,27,11,24,36,4,36,68,59,50,19,41,18,57,7,51,60,4,24,31,39,53,7,54,36,44,31,80,12,1,0,62,6,73,76,48,11,64,74,17,9,65,9,14,20,60,34,8,7,29,9,42,43,30,2,2,4,69,75,34,76,62,32,14,63,80,68,40,54,46,11,25,34,60,54,1,21,24,74,63,52,16,23,34,17,21,16,23,41,77,59,8,72,55,49,52,79,53,41,78,55,32,61,50,75,46,39,23,22,30,33,59,79,52,44,31,26,47,26,40,13,24,66,45,12,18,15,22,64,19,78,64,21,29,33,1,33,40,67,43,80,40,72,33,24,49,61,54,27,6,41,39,16,25,1,63,12,47,12,13,12,75,9,21,18,15,68,51,61,6,25,48,29,39,20,80,29,73,12,26,1,46,75,64,15,44,39,80,68,25,47,15,9,19,5,2,52,66,30,44,39,9,16,78,48,54,66,9,22,17,49,13,29,45,63,19,38,14,50,27,47,2,76,41,8,13,45,46,78,57,80,52,69,55,10,27,50,54,26,58,77,57,58,41,14,62,3,44,53,62,32,45,61,30,10,49,65,61,23,12,22,29,74,62,54,15,70,11,77,41,26,77,52,5,58,18,0,64,33,77,67,24,2,26,47,21,10,43,20,42,65,47,47,3,49,3,55,78,61,20,70,15,71,25,48,55,45,3,61,49,48,47,27,40,60,67,53,11,3,10,76,48,69,46,51,40,63,43,37,79,59,63,15,25,53,32,24,8,0,15,55,33,68,37,11,30,30,19,54,13,65,1,27,12,27,45,63,35,46,47,9,24,13,14,80,80,56,38,24,11,59,80,15,58,17,18,35,22,65,34,71,42,62,47,52,34,58,48,76,60,31,35,17,17,33,37,22,67,9,70,68,68,20,79,36,58,22,4,12,42,34,48,43,54,20,16,64,72,35,9,68,1,77,33,21,5,8,70,5,11,34,38,72,30,16,34,20,59,41,44,9,49,1,16,14,37,30,20,75,69,37,57,45,19,24,55,72,73,25,22,69,23,52,43,66,14,26,14,40,55,69,45,45,77,44,28,65,57,22,57,34,70,38,64,50,3,5,15,69,41,59,42,32,46,73,22,64,27,16,39,57,39,14,38,20,47,51,34,39,43,26,77,57,39,2,72,8,45,33,40,44,39,45,53,44,61,20,72,39,45,17,24,53,15,47,65,1,57,46,62,26,64,5,65,41,15,19,72,4,57,79,53,71,31,52,22,66,60,9,78,53,10,67,12,51,6,67,12,6,45,1,15,64,72,75,16,33,32,46,73,23,32,11,4,22,4,61,39,59,42,47,15,11,55,20,28,52,42,43,67,48,29,56,74,14,42,36,61,8,37,5,36,51,59,0,32,4,65,10,13,64,41,13,70,5,44,9,77,41,73,30,16,12,7,48,77,72,48,23,22,42,23,20,52,70,46,22,68,5,34,79,69,22,27,31,21,49,41,15,53,50,2,3,75,65,10,8,29,45,16,39,37,28,78,58,45,52,71,30,21,17,31,23,69,1,59,73,79,44,60
14,23,35,34,33,45,16,10,71,15,7,0,48,47,43,34,13,35,64,3,24,77,57,63,66,30,40,39,63,25,58,4,25,27,62,55,44,20,20,20,21,43,8,37,4,51,20,65,12,33,20,80,9,67,80,35,33,7,10,18,65,68,62,62,65,57,18,11,80,38,77,41,60,20,71,34,35,32,29,37,78,45,35,40,48,57,79,9,80,30,19,41,15,40,61,41,24,45,48,42,61,50,75,78,25,20,7,15,10,56,46,46,17,5,9,62,63,51,1,3,38,66,37,77,78,12,45,33,60,59,77,6,80,51,59,20,54,41,1,52,76,21,31,21,45,49,23,9,53,74,21,61,30,13,6,65,1,35,35,0,40,46,3,50,54,22,22,5,16,68,52,8,6,15,59,61,19,24,18,68,32,22,15,72,65,69,48,41,70,14,29,31,51,7,61,43,9,14,52,70,73,4,72,25,21,14,45,10,46,62,44,65,27,16,57,27,35,72,78,52,76,5,72,53,16,77,60,75,12,11,54,21,38,42,28,76,76,0,59,52,78,14,65,29,52,40,10,54,33,40,2,0,64,15,78,22,43,27,19,15,34,29,38,74,22,61,35,7,35,28,12,44,67,45,40,9,41,67,51,75,50,42,58,29,47,77,14,19,20,48,21,60,15,73,49,56,64,71,17,26,65,58,72,39,59,23,27,0,20,22,24,57,3,72,27,11,71,55,32,47,38,36,41,12,22,45,12,25,68,35,47,57,58,45,16,29,29,46,37,55,1,17,36,48,17,0,76,72,47,7,21,43,24,6,63,26,43,20,58,63,72,47,11,19,51,13,14,14,69,17,70,76,6,39,23,4,75,23,0,79,80,34,61,46,23,26,51,5,43,44,24,61,3,37,27,12,60,53,55,63,13,70,3,21,46,12,54,52,19,66,50,11,16,12,5,69,28,43,4,28,63,54,5,22,26,6,74,12,75,50,8,33,66,33,61,28,70,12,34,29,46,60,21,21,65,57,27,45,11,20,47,12,32,67,74,29,53,34,41,37,80,26,41,2,53,26,8,1,43,62,66,58,0,63,21,65,37,50,66,60,78,48,12,55,62,71,64,32,29,11,42,63,19,45,73,50,29,42,73,41,50,30,6,16,53,72,33,11,69,3,16,34,4,26,25,6,58,18,4,8,38,10,56,52,8,40,76,17,13,6,0,80,80,41,47,68,25,15,71,1,28,46,12,15,56,60,20,62,32,72,12,45,47,46,78,74,15,55,72,50,79,29,69,42,78,19,46,19,11,11,34,23,45,28,80,76,35,0,63,0,65,15,65,15,52,74,77,6,55,48,68,0,35,44,24,75,8,57,42,10,37,38,51,35,66,2,74,4,13,29,52,8,72,22,80,7,13,69,7,41,62,17,61,7,9,55,32,72,64,15,54,22,33,7,1,65,18,78,44,7,35,29,56,73,48,67,0,63,61,14,23,64,32,17,23,58,62,47,42,51,30,64,4,17,35,56,6,52,0,62,62,24,75,64,18,42,15,13,51,43,3,55,68,40,39,27,0,26,8,15,1,45,0,46,15,42,38,28,6,44
4,9,9,26,55,78,38,13,71,1,28,54,5,5,69,48,36,44,40,36,63,13,0,34,23,20,52,1,14,4,38,1,16,36,78,67,51,27,78,47,55,24,58,65,31,80,45,65,51,51,54,58,34,58,36,50,45,18,24,49,76,5,65,31,15,34,30,70,69,48,51,74,2,53,29,80,6,63,47,65,3,53,59,54,49,49,20,76,79,8,24,29,80,69,75,43,16,17,66,14,69,21,65,78,54,67,12,8,37,10,4,35,40,29,80,38,38,5,26,25,40,37,13,52,80,16,61,40,41,5,3,52,65,27,65,19,73,19,71,79,50,51,11,41,22,63,78,20,18,68,53,39,40,51,46,34,11,16,4,3,60,47,64,46,31,30,75,55,11,23,4,22,47,62,60,46,72,80,14,58,50,50,46,70,33,57,57,24,46,13,42,57,58,66,14,18,14,42,5,8,67,39,33,29,28,76,47,52,27,48,18,26,17,16,71,33,59,26,13,17,50,62,58,57,46,28,14,33,64,10,74,42,66,75,39,67,30,55,30,51,25,66,26,43,67,10,70,19,67,3,54,12,27,14,8,54,73,31,58,52,49,5,5,71,36,12,80,52,3,47,7,36,5,78,61,3,8,0,46,58,66,73,30,36,27,23,53,61,30,7,0,42,76,35,37,15,79,44,13,49,4,46,30,40,25,12,63,12,19,78,33,5,19,11,56,59,19,36,79,79,21,38,51,61,6,39,27,70,62,50,65,3,10,75,43,37,53,77,40,10,44,49,33,32,59,8,19,31,39,45,11,50,32,4,29,36,30,48,37,27,6,22,72,6,7,48,66,49,20,7,18,63,45,72,23,13,2,3,67,73,25,15,28,19,48,41,75,24,55,55,3,39,22,24,4,12,25,38,43,9,15,44,27,76,42,18,54,72,11,10,31,65,48,75,35,32,21,66,54,23,9,44,31,68,30,60,77,19,1,16,40,34,17,8,0,37,46,79,62,68,63,3,10,26,45,64,0,60,13,48,28,55,69,16,49,73,16,36,27,4,54,13,56,74,33,17,60,6,40,28,37,46,49,39,37,58,52,7,75,59,36,53,50,20,76,24,17,75,48,77,57,75,29,77,7,38,79,6,38,21,20,78,58,12,25,70,53,73,69,28,6,29,26,26,8,32,44,23,74,51,41,68,30,75,33,60,58,46,1,53,45,13,26,20,14,22,36,19,24,70,68,48,43,70,66,65,28,18,69,0,80,72,33,61,34,43,74,10,19,48,34,31,56,29,1,33,6,61,14,0,64,21,28,55,30,33,8,24,36,10,2,72,9,68,80,66,80,34,75,80,25,41,70,62,11,74,23,45,55,40,11,66,60,14,54,56,37,10,7,69,37,61,24,28,52,21,4,7,56,33,21,63,14,77,59,51,49,29,33,48,16,27,43,72,49,5,33,76,76,26,75,30,66,29,16,67,14,4,31,51,29,79,77,52,23,74,23,12,41,21,17,44,5,7,18,7,19,61,30,6,65,30,7,70,6,57,31,38,47,17,24,79,18,21,33,20,21,58,67,78,31,20,2,49,71,75,20,51,35,18
50,57,52,76,75,70,6,77,10,17,14,71,80,11,3,46,6,0,52,35,69,23,78,60,57,33,19,72,6,80,0,48,33,2,71,20,37,44,1,31,50,29,14,67,65,6,62,74,49,44,53,4,4,37,5,44,23,30,7,22,8,20,19,59,10,34,79,71,0,52,8,16,16,18,8,42,59,55,75,61,18,76,57,9,58,72,47,23,60,8,26,34,20,42,9,11,39,63,53,5,3,67,25,62,26,38,26,71,11,16,59,60,27,17,62,15,1,57,56,27,13,45,38,34,27,13,1,36,21,65,34,28,18,60,23,15,2,10,40,29,19,6,45,48,5,69,51,36,12,75,48,42,19,79,61,36,12,66,4,5,75,44,28,50,61,53,2,29,43,22,30,3,24,68,6,39,56,66,25,36,21,62,8,14,47,9,17,39,14,19,7,16,73,50,21,50,20,1,76,63,42,27,6,65,20,26,11,74,11,27,0,74,19,61,79,46,33,53,77,13,10,4,37,46,20,78,20,16,20,4,55,78,5,33,58,27,35,26,2,37,28,32,18,32,51,11,42,73,36,51,63,27,40,16,31,38,17,17,80,63,63,59,26,47,34,56,47,76,52,10,62,62,63,78,56,7,55,73,12,24,15,11,70,31,2,42,31,36,25,59,32,74,62,51,2,28,8,55,70,11,65,60,10,41,78,68,8,17,19,51,34,14,13,37,20,21,75,72,66,49,21,35,22,19,60,24,26,76,7,45,46,23,16,22,2,2,30,10,11,78,10,22,3,22,61,74,79,18,13,40,75,69,14,80,1,69,2,78,7,77,72,64,70,0,23,41,54,32,67,30,27,72,18,27,0,40,0,68,59,44,0,28,45,53,14,3,12,37,68,77,77,23,1,32,41,64,1,62,48,35,69,3,19,22,22,60,32,74,51,38,68,36,19,59,60,55,19,59,19,73,56,55,22,74,79,80,68,49,0,14,33,42,80,6,65,78,69,78,53,75,11,1,60,37,76,56,23,53,11,28,21,79,33,57,32,53,67,51,13,62,74,12,79,79,38,45,36,61,64,51,20,21,71,1,6,62,53,9,45,47,51,31,4,73,38,1,18,68,18,66,80,34,52,73,60,62,34,1,25,54,53,58,5,50,51,11,46,26,26,70,56,51,21,49,8,3,1,34,24,64,5,39,14,40,7,71,32,75,47,18,78,8,13,25,8,30,41,12,29,11,60,57,50,33,75,8,9,0,17,10,17,0,4,27,13,31,23,32,33,7,1,15,23,29,57,74,52,31,4,4,32,10,22,34,13,36,57,77,5,7,2,64,67,15,41,0,72,18,20,30,42,63,79,28,38,25,70,19,34,22,66,56,41,61,58,18,39,37,66,69,19,72,51,54,52,52,27,56,25,48,14,73,54,15,21,53,20,8,37,12,65,18,68,18,50,19,71,40,76,3,42,27,44,49,45,50,43,2,14,70,45,52,12,36,50,56,64,77,57,11,4,65,28,70,11,15,6,16,25,46,79,35,29,58,44,76,12,6,62,30,60,22,31,51,26,27,72,37,22,69,5,79,10,71,44,33,16,33,45,72
47,67,18,68,59,76,40,71,33,25,12,24,25,76,70,17,76,34,7,9,19,40,61,5,57,67,51,44,38,25,28,39,3,18,27,21,74,61,71,7,80,1,7,1,75,43,47,65,73,24,26,60,78,29,80,77,73,19,18,23,8,19,7,68,25,62,50,80,49,17,75,73,70,37,77,80,71,3,31,44,14,51,60,25,73,76,33,49,8,29,74,9,3,77,41,2,44,4,0,21,4,73,12,17,11,62,25,14,5,15,59,16,18,52,23,20,56,7,70,45,46,77,78,30,13,53,10,4,2,53,13,11,54,36,58,67,66,31,77,58,31,72,39,20,3,71,62,42,70,58,54,32,58,40,16,19,40,64,38,15,6,69,22,32,74,23,31,7,46,29,42,19,64,7,77,77,5,25,75,65,56,71,50,60,72,16,14,64,39,72,7,48,74,12,47,57,7,4,61,33,12,64,14,16,30,80,25,45,53,19,11,66,71,48,9,16,62,67,21,14,76,3,75,76,78,37,33,14,55,31,15,26,46,66,65,67,63,13,42,55,30,45,66,77,45,16,75,73,5,55,63,15,70,70,31,47,10,17,46,26,40,72,79,56,62,44,47,13,67,58,0,11,65,10,73,15,1,28,73,25,70,41,72,15,69,3,62,66,38,17,16,50,69,77,34,11,69,21,46,73,56,22,20,56,17,51,55,24,19,48,5,40,44,77,30,13,10,36,34,38,37,53,24,15,11,66,45,17,24,66,38,71,60,1,74,44,27,9,17,3,18,51,72,44,43,41,43,6,2,37,10,31,25,23,63,51,53,40,32,79,60,69,52,70,19,31,26,4,65,23,23,25,34,43,67,53,0,21,2,46,18,64,34,41,12,47,41,60,15,10,17,79,71,28,35,55,66,15,7,63,46,63,40,4,60,12,2,62,68,0,74,40,51,23,46,3,66,46,67,56,58,1,34,78,50,68,60,54,23,3,27,37,1,22,70,33,21,51,3,79,51,10,16,6,10,72,36,49,53,50,8,32,72,35,13,43,42,51,8,65,74,74,15,48,31,36,68,57,18,69,19,38,0,60,39,16,0,13,6,24,68,61,16,24,30,35,24,29,55,67,35,73,19,6,29,8,41,28,25,5,69,31,55,9,72,73,78,43,58,53,72,53,64,80,11,19,76,7,25,25,55,32,54,2,66,75,57,65,7,75,38,8,75,28,78,50,77,71,74,37,19,29,73,22,5,64,67,70,43,29,27,52,23,11,46,23,80,1,9,26,58,9,66,5,55,54,72,34,39,69,10,71,50,60,52,20,31,14,74,29,52,45,42,13,25,38,11,19,15,20,73,79,12,67,41,61,24,69,12,25,12,58,15,30,3,3,11,37,20,25,35,3,7,7,14,14,9,27,13,29,31,44,59,79,12,27,3,55,2,13,24,22,71,2,7,69,45,10,48,2,24,54,9,61,8,3,28,33,47,75,30,59,24,68,11,17,73,43,47,22,21,33,38,1,75,46,58,26,25,21,12,11,62,3,23,51,1,57,18,46,48,51,55,63,14,72,11,49,12,6,46,32,10,18,41,25,34,2,12,2
53,66,23,13,3,5,35,76,0,78,26,39,61,48,58,16,54,1,46,54,30,41,48,32,37,75,30,21,12,12,73,12,19,80,67,57,11,17,61,20,43,27,41,8,25,16,64,42,10,57,79,46,60,28,72,43,56,27,44,14,68,15,67,36,70,13,43,79,77,7,75,38,18,19,3,10,15,27,28,68,67,9,1,62,33,62,74,25,19,31,30,1,77,48,40,10,51,2,35,7,29,33,25,74,72,60,57,18,76,50,21,27,18,72,22,39,39,65,16,13,15,31,24,15,42,67,61,0,20,25,37,62,17,41,56,25,54,68,7,5,0,24,38,27,14,19,53,16,0,37,76,65,67,53,31,27,47,26,39,27,26,39,6,2,21,32,36,38,76,4,12,63,49,33,54,14,65,63,2,52,51,8,68,22,25,79,18,69,74,35,26,64,31,43,78,50,10,76,22,35,77,12,4,37,59,33,31,3,9,15,33,16,72,43,16,76,8,10,20,19,55,11,51,62,61,19,29,3,63,52,7,22,7,16,22,7,68,9,2,50,32,60,76,51,31,14,21,73,42,79,5,66,70,6,80,6,26,72,61,24,78,63,9,76,77,29,32,74,29,39,28,26,35,59,15,71,4,78,55,41,62,68,51,59,78,67,53,56,44,38,43,31,61,29,75,42,39,43,22,1,1,39,21,35,0,27,8,78,72,6,59,73,40,7,51,73,20,55,63,58,4,10,23,56,40,16,16,65,53,38,2,3,51,13,18,56,25,10,48,53,65,54,56,64,2,78,37,56,4,46,52,80,26,76,61,36,36,51,57,9,23,70,22,48,41,56,12,73,35,3,23,10,11,77,24,0,3,36,2,11,75,78,7,68,69,37,73,72,30,67,57,49,36,23,8,30,63,77,17,50,20,42,53,50,20,30,5,52,55,41,52,14,36,21,73,59,24,31,20,0,53,59,79,37,39,38,47,14,8,52,11,67,8,25,31,25,66,21,79,20,31,51,21,4,70,5,32,37,16,14,31,27,25,63,48,29,17,61,77,15,6,38,31,60,52,59,80,53,41,38,45,52,16,57,13,45,69,24,25,57,1,6,27,2,12,42,30,17,38,31,76,9,79,45,24,76,42,8,54,70,64,65,17,41,34,48,76,19,15,6,0,42,19,11,39,72,62,30,54,52,7,42,1,14,67,12,14,45,53,68,20,38,22,24,44,30,17,78,66,35,48,40,4,52,68,57,40,25,58,19,42,0,29,21,76,60,55,67,30,73,20,40,2,51,34,11,64,0,60,47,57,65,4,40,34,24,17,32,55,70,70,3,12,14,73,28,16,75,71,69,37,46,31,39,36,7,56,70,40,18,77,13,18,3,22,26,74,41,25,75,8,75,66,52,29,12,35,20,7,29,67,79,14,5,74,61,19,68,69,42,35,40,27,21,17,4,31,78,25,5,59,34,57,12,25,20,31,47,10,43,63,31,61,29,47,40,16,40,59,43,67,42,66,63,10,37,30,79,57,34,25,72,30,67,70,14,50,56,27,63,52,22,62,73,17,5,30,66,32,30,43,43,16,16,54,29,48,26,77,67
20,25,22,38,41,38,38,76,49,10,13,65,66,4,2,14,17,43,56,54,65,0,12,1,69,69,58,32,13,45,79,9,52,24,45,59,40,78,49,13,59,1,38,23,22,3,77,62,0,4,63,16,1,75,41,67,22,14,29,29,65,38,29,36,7,65,68,19,79,57,21,13,13,19,11,53,3,63,40,16,33,56,30,41,74,2,36,21,37,45,0,75,19,67,59,14,13,64,68,60,6,3,57,4,74,51,75,64,11,64,39,13,50,44,39,59,29,37,26,13,31,37,74,42,57,18,38,79,23,9,62,39,13,65,50,48,36,5,65,39,14,23,45,73,42,18,11,74,23,53,41,79,36,52,76,68,79,48,21,69,54,40,55,17,64,33,15,14,48,6,74,72,41,2,71,31,37,23,26,14,26,59,0,17,12,15,65,1,33,53,50,15,64,37,58,48,3,80,38,10,25,24,61,80,5,28,74,23,65,56,38,17,43,32,32,54,80,16,73,8,40,58,77,57,26,62,73,52,61,15,53,10,12,72,21,4,52,52,9,6,35,77,11,53,49,59,43,20,73,67,8,21,19,61,56,19,69,29,22,42,79,51,11,72,10,80,67,67,55,53,66,61,38,77,24,11,18,63,10,72,28,68,44,14,31,30,43,1,3,59,50,2,26,25,11,63,4,35,75,0,68,28,54,61,30,58,42,27,32,14,2,79,29,59,21,39,59,64,24,41,1,43,7,11,62,80,76,32,80,24,53,76,50,8,47,47,25,64,32,39,7,44,25,21,44,61,45,14,73,23,79,25,60,39,41,69,69,43,59,70,45,29,63,22,76,65,21,62,20,22,4,15,53,1,23,69,61,54,10,52,69,1,26,75,64,30,42,60,13,76,34,76,73,74,48,31,16,29,27,18,4,22,69,30,26,21,51,56,24,42,71,12,73,38,54,6,3,67,53,5,33,47,45,65,60,80,31,14,7,5,14,0,2,45,37,23,27,17,43,19,26,78,37,6,79,53,54,35,27,80,78,65,8,22,25,68,35,17,51,27,66,78,80,29,18,45,49,27,80,15,50,32,36,75,63,46,9,32,64,53,9,23,79,80,1,56,54,79,43,8,60,9,13,75,29,64,13,76,2,80,32,27,32,32,48,21,13,30,62,2,26,74,78,79,67,72,61,46,48,27,32,3,60,43,2,25,69,63,77,30,65,48,43,74,29,52,47,34,30,76,74,79,54,49,14,9,42,63,80,47,62,1,65,55,10,69,11,6,36,68,40,22,45,10,28,6,40,49,53,1,70,44,72,31,0,10,22,75,29,19,12,51,65,10,44,73,19,68,5,36,37,50,31,76,49,53,18,52,11,11,3,28,77,9,29,18,11,69,37,0,18,65,68,75,54,2,31,29,54,57,66,73,79,52,7,8,53,24,21,50,29,54,65,68,62,13,33,29,32,3,26,59,34,5,6,34,28,50,41,4,7,3,34,9,29,70,2,46,77,7,31,28,51,71,23,28,34,14,55,26,43,29,9,8,19,57,56,33,42,48,60,23,28,55,47,52,7,15,29,5,66,38,34,45,24,1,42,65,68,35
80,14,10,30,17,33,12,11,46,26,36,3,44,63,22,60,44,36,45,48,4,11,24,14,18,64,58,65,49,12,73,10,72,57,1,22,52,48,18,5,34,46,56,76,2,68,31,64,1,69,53,36,25,12,8,44,55,75,3,18,12,63,51,16,29,56,27,4,33,5,11,74,6,32,47,4,17,75,65,72,68,44,30,79,19,12,40,6,65,18,26,62,59,39,36,71,30,64,1,19,14,46,8,52,18,56,57,61,71,70,74,29,41,1,30,79,79,35,31,64,17,62,18,8,39,41,57,37,4,61,25,58,38,20,25,17,43,5,17,68,51,14,13,26,20,56,21,34,59,69,30,51,73,9,13,28,73,43,7,72,55,46,10,3,39,38,9,52,29,54,62,63,31,19,27,17,20,60,17,57,15,77,71,37,28,74,33,7,21,29,80,2,78,12,6,29,15,58,0,62,44,19,18,14,73,24,53,4,76,44,78,13,29,39,34,29,13,43,54,66,3,50,13,64,52,47,59,55,15,54,27,33,76,67,1,67,74,46,46,0,62,21,1,53,35,66,42,34,73,43,31,33,55,73,10,30,74,21,7,55,45,48,18,78,27,23,62,35,78,27,34,3,12,7,1,72,67,50,38,15,79,59,2,29,41,32,59,13,72,26,31,79,10,10,68,20,12,46,28,19,72,46,36,11,38,20,0,32,32,31,18,55,40,2,15,65,60,3,1,71,45,57,2,39,16,21,67,22,39,75,32,58,8,55,6,75,51,34,42,48,60,32,50,44,52,58,69,51,45,10,73,42,64,33,35,56,36,79,23,15,79,4,61,2,76,64,58,28,15,51,43,71,57,52,65,48,43,68,67,69,9,19,54,30,80,17,24,41,23,18,22,37,25,71,0,39,48,49,65,71,11,1,65,36,15,47,35,33,68,57,9,75,14,27,40,69,41,42,11,80,53,48,26,12,52,11,25,64,28,44,78,11,64,31,40,33,23,75,18,44,26,66,71,0,15,68,6,50,11,47,49,47,42,19,14,16,41,75,77,41,45,23,23,16,38,63,20,13,28,23,58,80,67,75,12,65,13,74,52,54,41,32,57,48,21,44,19,64,77,68,32,3,75,29,36,4,7,13,23,79,62,67,35,45,34,77,73,20,55,33,2,46,80,31,59,78,12,79,11,28,64,5,2,17,4,75,33,4,26,58,69,66,73,45,67,55,1,18,16,23,64,33,6,40,56,24,71,23,73,29,22,74,4,63,52,23,47,42,61,3,59,49,11,69,3,26,69,11,15,5,13,2,54,56,71,16,70,30,79,24,42,40,70,44,67,43,64,73,3,11,8,47,35,46,74,8,24,29,7,54,13,66,30,73,40,19,38,14,27,45,8,1,35,66,0,63,63,63,13,4,12,8,80,70,27,30,49,32,1,34,61,14,77,45,17,42,72,40,66,59,12,26,2,52,22,44,68,13,74,20,14,65,55,15,21,72,14,35,18,57,40,71,36,80,53,66,45,9,9,6,26,12,38,32,45,68,44,38,58,32,20,58,41,75,0,23,59,62,49,74,77,17,38,26,5,43,20,2,53,50
52,40,38,32,20,44,45,28,61,50,9,51,9,74,35,55,27,42,2,48,4,13,65,57,55,32,75,49,33,59,30,33,5,31,30,26,4,15,16,40,9,4,78,68,9,64,36,49,22,71,22,72,47,22,30,36,61,23,30,6,40,28,33,1,50,47,61,41,11,54,55,25,3,20,6,26,9,53,34,65,61,25,47,4,42,10,11,4,3,29,32,27,46,20,76,36,43,10,77,29,76,55,79,57,5,5,54,10,50,44,44,78,3,1,70,50,28,8,80,11,12,20,69,65,5,24,14,26,21,77,17,13,52,79,30,79,11,23,10,74,55,61,19,37,51,19,68,5,12,44,63,6,44,10,57,49,56,76,31,74,28,50,5,37,43,7,26,34,68,51,59,64,53,10,66,38,24,36,8,5,77,22,60,0,72,54,62,32,66,21,64,46,67,26,30,11,61,29,17,57,10,75,5,26,8,67,68,0,77,12,26,38,69,56,75,55,9,1,12,71,32,44,61,59,52,38,29,23,27,55,38,42,20,56,32,73,44,73,50,31,78,43,70,65,66,61,18,32,0,70,48,56,6,12,7,66,78,20,33,20,57,18,50,8,64,5,49,57,0,77,31,80,43,44,60,47,23,62,33,52,60,57,27,77,74,19,53,24,76,7,15,18,3,52,49,55,62,40,76,24,1,77,64,30,71,56,47,9,41,6,13,9,33,23,37,40,32,33,59,41,29,33,75,18,20,58,25,15,18,74,66,15,72,67,39,16,42,7,30,9,30,2,26,49,19,49,9,60,43,47,77,19,49,13,28,67,33,16,10,39,2,17,71,71,46,49,19,73,7,42,55,18,9,69,74,5,17,66,33,21,12,79,30,31,66,9,43,8,69,13,4,68,18,29,39,29,38,31,38,9,50,8,72,59,51,16,18,3,72,61,72,21,43,16,36,79,19,3,46,36,66,76,48,21,0,56,59,59,18,40,3,25,58,54,24,55,5,17,19,68,21,17,72,22,15,74,69,33,31,13,73,41,21,7,7,60,59,35,28,70,5,18,32,29,48,80,73,26,62,39,79,72,38,14,23,78,68,33,56,11,50,74,25,65,13,65,31,0,74,24,42,55,70,70,35,47,38,45,13,22,10,46,21,28,5,51,1,5,39,64,71,36,40,6,72,20,2,61,9,51,0,26,37,19,56,17,42,43,28,3,14,7,34,65,53,31,56,74,49,63,29,12,23,67,34,24,25,2,57,15,44,43,7,59,40,6,63,68,64,68,80,78,17,26,56,28,45,67,4,5,55,64,48,7,56,27,54,20,2,41,51,32,3,32,80,22,1,23,16,27,9,54,14,28,27,13,46,59,39,19,51,56,71,79,34,2,48,58,16,0,43,39,55,5,15,74,53,61,28,57,23,71,43,51,80,58,30,61,67,37,48,1,2,61,57,0,47,54,40,74,64,34,64,6,20,10,43,54,63,71,23,68,9,68,43,47,30,48,73,26,36,30,17,49,48,29,13,3,63,0,12,53,0,28,38,71,76,77,28,7,59,65,24,24,49,38,7,8,36,34,0,61,3,51,5,9,0,11,66,56
73,23,73,60,19,30,80,54,15,19,13,33,0,66,49,42,50,69,9,9,43,70,0,52,21,35,22,36,39,71,26,72,74,7,14,23,7,62,48,33,19,49,9,72,25,12,17,41,26,77,42,2,49,49,76,26,5,75,15,44,73,41,34,26,77,45,6,40,27,10,72,12,15,14,27,45,24,59,64,16,71,2,52,74,30,35,34,72,39,57,20,71,48,15,59,33,3,18,56,68,13,36,73,52,2,9,44,63,32,49,62,17,48,70,26,49,38,59,34,13,77,63,30,44,32,38,20,12,18,66,21,41,69,63,19,7,26,28,70,1,40,60,38,54,27,27,15,59,17,44,41,9,41,5,41,13,19,21,30,35,22,62,54,64,64,1,8,12,42,10,67,41,41,8,30,5,7,28,37,12,34,44,71,11,3,5,49,74,47,38,22,49,71,71,41,56,26,54,52,46,30,71,79,69,72,28,15,46,61,56,66,42,1,34,63,20,22,47,15,23,64,57,68,43,65,70,1,10,36,72,32,27,26,49,32,58,69,31,31,5,23,39,43,65,65,56,38,76,65,54,63,23,14,35,38,42,47,29,50,40,34,5,27,67,8,79,15,76,73,12,75,10,74,28,67,4,35,76,49,34,37,16,64,27,50,36,28,3,34,36,73,71,70,75,28,17,52,71,59,13,50,17,64,70,75,2,8,67,61,6,29,68,57,18,71,26,2,68,58,62,2,27,71,70,49,42,1,28,76,48,10,24,3,57,64,52,49,66,24,10,1,28,21,68,26,78,27,43,29,31,51,42,16,73,0,44,19,10,32,49,8,80,43,37,35,60,16,71,31,20,19,22,16,70,44,24,31,22,60,34,1,74,48,63,28,56,17,15,45,70,73,58,2,63,74,55,51,24,37,70,63,53,38,39,44,35,63,25,37,76,73,37,21,44,21,30,22,6,40,58,59,5,77,24,31,66,2,55,57,57,24,1,42,80,80,47,78,0,9,77,40,14,27,57,78,26,36,67,46,13,21,34,66,55,12,16,34,22,48,30,52,12,2,24,29,61,24,16,66,30,37,59,43,71,47,14,44,33,5,52,41,76,44,78,0,63,13,73,61,71,21,4,69,59,77,32,67,18,51,44,17,29,68,9,36,8,74,46,16,46,26,67,5,13,0,21,38,7,26,40,59,20,62,27,27,58,6,37,60,58,66,57,43,1,51,14,47,71,76,73,24,52,43,24,49,40,8,26,23,25,38,56,39,47,74,17,43,9,64,67,65,47,19,40,56,50,79,47,6,46,9,50,20,33,23,21,64,57,41,27,29,38,15,7,6,50,5,0,17,62,75,38,76,36,16,50,39,8,19,35,58,13,4,60,51,12,12,78,78,40,28,46,22,12,26,39,66,75,0,80,36,61,58,70,6,50,5,34,60,49,43,58,44,48,34,6,42,50,24,3,76,67,25,5,76,29,21,3,16,70,28,64,27,32,61,42,55,8,1,73,73,55,4,47,36,30,7,35,15,2,9,35,72,28,19,75,18,42,61,13,14,55,37,37,40,65,76,4,57,54,29,34,73,43,72,33,31,35,75,14
2,22,65,7,54,74,68,77,2,57,50,42,13,18,56,9,30,71,71,7,24,31,26,3,3,35,52,17,3,54,33,23,66,50,9,9,40,23,74,4,4,37,75,58,27,39,43,54,9,10,51,42,80,13,4,25,44,73,72,30,9,19,37,16,6,48,58,23,46,55,57,30,54,19,22,73,63,45,38,43,27,65,79,54,45,44,25,74,43,22,46,53,17,17,59,42,59,44,61,53,47,78,34,32,49,62,31,68,29,55,28,32,24,59,14,38,9,73,53,45,51,62,6,80,37,29,30,22,2,9,63,51,47,28,6,49,26,12,10,54,70,0,74,5,27,30,2,73,36,58,16,71,13,16,78,75,14,9,32,37,5,35,52,19,67,38,20,1,39,15,1,30,11,78,21,51,59,30,63,0,47,23,8,77,55,71,31,72,28,34,34,51,37,26,77,56,27,36,71,17,72,22,1,14,4,62,72,1,77,18,10,61,78,78,79,67,67,49,62,34,27,11,59,27,44,47,67,10,30,66,32,10,52,35,2,45,9,29,11,2,6,10,71,44,47,6,56,38,53,67,27,71,55,15,47,20,24,18,6,77,44,36,62,53,5,12,51,80,70,77,60,80,49,77,20,39,44,38,16,75,47,12,4,17,56,34,34,50,29,71,15,43,11,26,38,9,78,63,65,66,33,76,52,7,12,28,54,27,34,34,7,22,19,10,2,80,72,74,57,45,13,72,54,74,44,56,50,16,0,17,0,27,6,74,13,46,11,45,31,46,64,34,21,40,13,45,20,14,7,25,29,49,38,64,12,53,21,38,25,27,23,69,3,69,17,14,41,30,36,76,1,51,74,42,49,49,42,38,17,24,61,3,77,66,16,16,78,22,23,2,34,63,35,31,51,64,46,72,70,4,34,46,23,41,26,43,11,46,51,18,13,14,72,6,49,76,54,27,26,51,44,17,25,29,6,6,51,1,15,55,29,22,34,53,26,40,72,59,48,71,54,79,11,46,24,53,53,64,60,36,79,3,6,57,76,11,4,38,80,27,0,1,46,72,73,21,21,46,6,10,14,43,27,36,9,39,25,69,48,22,78,25,25,15,61,74,41,51,42,9,79,75,51,66,42,21,19,67,26,42,59,37,16,12,13,51,71,75,49,39,53,56,45,36,0,56,10,80,9,68,73,5,62,17,1,33,75,12,24,46,24,8,61,6,30,59,70,3,7,39,25,33,78,2,32,18,0,69,7,50,3,38,19,53,23,4,23,9,31,80,57,24,64,33,28,18,20,49,11,54,3,10,15,71,26,67,6,78,40,47,35,76,42,67,18,62,43,8,57,21,5,47,33,39,28,75,78,16,10,9,74,38,47,8,35,51,31,66,2,42,49,55,56,73,33,53,2,0,21,10,74,55,35,76,69,10,15,31,73,75,70,18,72,32,71,35,12,52,5,32,69,41,3,49,2,35,26,16,30,14,11,19,38,40,18,10,79,14,78,24,56,8,16,5,74,61,20,12,47,26,51,10,64,23,73,17,47,8,68,10,46,41,10,73,14,80,46,1,69,54,9,22,42,71,8,66,21,2,69,37
4,13,59,62,57,27,2,78,78,39,4,54,23,78,3,42,18,17,39,46,75,13,73,36,18,44,70,66,37,25,24,9,17,6,75,73,30,32,39,31,72,17,65,74,56,31,53,1,36,55,79,31,48,25,6,54,9,70,59,48,76,10,64,13,54,34,50,9,78,73,36,67,62,10,16,25,63,9,73,66,7,79,28,22,28,73,44,43,7,12,71,48,19,79,17,11,27,48,3,47,79,55,20,46,27,36,37,39,66,77,51,48,51,50,2,22,68,0,23,64,59,75,25,6,64,48,18,33,10,75,65,64,29,71,72,40,32,67,74,18,5,57,56,4,39,11,11,10,24,41,5,16,39,43,73,79,80,9,30,53,25,15,35,5,46,17,33,72,78,59,80,37,24,11,77,43,74,49,71,1,50,8,39,23,41,22,78,30,38,18,67,61,7,75,29,41,21,26,1,37,55,44,60,17,24,51,26,22,35,73,29,10,63,77,56,16,73,45,6,49,27,56,15,64,49,26,31,62,27,26,32,26,73,64,7,10,26,45,38,65,44,8,7,66,54,40,55,51,32,10,54,19,74,6,11,50,31,25,24,14,44,56,75,75,67,50,77,8,40,19,77,76,10,15,34,31,4,33,36,69,63,62,58,57,8,22,79,28,49,5,38,51,14,36,2,30,22,41,7,14,64,19,55,15,35,49,57,78,27,61,58,64,62,12,35,68,52,42,21,56,68,60,64,34,55,40,57,64,36,11,26,75,36,59,64,11,36,61,46,61,49,22,20,43,65,68,35,6,3,53,27,18,58,6,61,47,76,38,15,27,73,8,12,78,66,49,9,41,32,50,78,25,30,27,34,49,34,62,35,67,16,26,36,73,58,72,7,18,26,7,55,66,4,45,4,38,42,33,48,3,66,21,26,53,8,53,1,31,33,63,14,24,11,0,51,69,44,24,76,17,74,71,32,55,36,10,45,4,77,38,48,69,62,43,31,65,11,1,9,25,37,37,47,54,31,42,27,57,12,6,66,27,13,54,28,59,0,75,14,59,20,50,17,68,56,47,63,61,4,61,7,2,28,19,62,1,70,32,37,66,65,33,69,34,20,52,66,0,79,5,60,17,53,17,74,68,36,77,72,56,6,47,38,65,67,69,33,9,19,63,33,24,72,40,11,45,65,5,45,76,5,22,17,51,52,15,1,39,16,62,15,38,15,0,38,45,41,37,10,39,68,45,26,18,61,3,48,9,46,44,14,37,75,78,56,2,54,7,48,26,56,15,77,14,23,30,17,40,26,32,44,33,7,28,46,2,49,75,30,62,56,62,26,25,4,34,14,70,10,70,69,35,16,60,38,1,39,57,0,14,16,12,1,35,1,21,21,33,13,72,9,47,71,61,28,24,28,4,33,68,6,61,27,35,80,27,21,80,19,22,45,2,57,16,34,34,15,80,18,3,0,57,5,25,15,15,52,16,33,19,24,56,43,57,41,7,60,34,57,7,57,70,49,69,62,26,17,68,51,1,40,13,33,0,48,33,30,65,54,47,63,21,55,14,62,72,0,62,55,65,4,15,5,31,64,41,36,51,25,10
73,55,25,49,8,71,71,14,14,19,56,5,63,23,34,6,2,54,71,32,74,0,57,68,12,56,8,50,30,4,76,55,4,11,19,31,20,33,55,62,51,71,19,54,7,21,20,17,41,28,38,10,64,54,12,36,29,8,12,51,13,25,34,77,25,9,13,38,22,21,5,65,26,15,15,62,6,23,66,46,64,54,29,13,53,48,9,32,71,50,41,60,40,36,37,31,0,52,51,49,44,25,50,41,36,66,69,33,52,38,22,22,52,61,23,29,51,14,64,75,36,17,32,22,47,40,76,6,11,51,32,78,41,0,28,8,27,75,0,41,23,14,25,51,55,37,9,53,58,38,47,1,9,75,7,48,59,46,27,57,37,24,73,49,5,32,23,78,1,2,69,8,11,35,39,63,7,8,1,42,21,45,70,6,56,50,53,18,10,71,66,40,20,53,25,29,65,52,73,78,18,74,34,37,76,79,32,24,64,56,64,23,2,28,3,76,76,40,32,65,48,57,23,79,57,57,52,4,64,53,28,35,13,54,17,56,44,56,58,40,17,18,16,30,61,25,22,33,3,62,41,11,51,47,56,12,22,30,2,76,65,32,20,4,40,12,29,53,49,55,53,69,17,2,11,41,68,20,32,17,42,41,41,28,20,69,77,67,39,38,68,10,4,52,24,37,34,47,60,19,11,58,58,40,61,61,32,20,54,17,80,1,79,74,60,34,80,26,43,26,6,70,27,73,41,6,37,29,51,47,12,62,37,18,76,56,17,29,19,27,76,61,75,32,55,43,4,21,47,25,14,25,1,42,15,4,58,65,34,36,70,9,35,15,49,18,36,65,43,58,14,73,20,9,28,13,49,41,48,12,66,17,30,62,23,42,70,7,25,47,36,8,57,53,20,43,59,33,48,70,70,10,62,1,69,41,74,12,36,44,29,2,66,7,7,74,18,22,0,6,9,46,27,71,28,68,20,64,70,15,62,2,9,3,63,34,23,67,58,52,40,36,23,19,70,59,32,29,80,0,73,43,55,74,22,6,80,28,44,30,10,33,26,32,4,57,76,35,47,71,20,33,60,13,19,31,65,10,56,42,17,39,62,42,17,65,70,11,59,21,9,35,61,33,60,26,57,66,57,74,77,34,78,9,35,0,56,42,67,4,61,70,13,18,46,23,18,72,12,66,24,55,68,17,64,56,71,28,41,7,44,58,31,57,42,29,14,56,62,36,47,30,3,49,73,19,65,37,40,16,71,21,54,13,18,21,65,8,69,80,2,29,66,0,25,17,74,48,40,5,15,8,74,17,39,35,71,15,8,17,7,10,44,56,25,37,67,79,31,6,70,39,30,3,72,1,33,62,51,19,45,59,64,1,39,2,39,56,22,76,39,65,19,25,76,37,76,50,23,48,4,5,27,51,45,63,21,51,19,5,14,6,57,2,19,63,8,45,41,3,70,41,78,61,73,6,64,1,48,63,29,0,67,20,3,75,24,49,69,61,24,68,9,56,67,3,64,4,18,31,62,54,36,70,74,75,77,16,13,12,11,15,13,23,39,33,18,13,20,67,22,76,4,27,66,46,76,35,5,17
76,63,50,75,18,22,17,1,63,28,27,24,75,28,20,19,28,38,11,9,40,25,38,66,39,12,77,39,53,79,80,60,7,19,41,1,61,75,75,60,54,74,56,3,19,26,20,43,66,35,1,17,41,22,28,31,26,67,50,69,3,11,58,12,3,64,23,56,31,80,57,29,45,70,30,32,58,46,20,36,39,18,50,39,4,18,29,32,12,69,8,16,38,62,20,41,28,18,52,1,77,13,78,42,72,39,50,57,3,8,66,79,24,7,78,68,15,61,49,29,71,66,36,14,71,20,13,52,68,60,26,30,8,50,36,3,32,2,62,64,25,21,34,47,15,14,77,11,19,63,7,37,30,9,49,39,14,53,16,54,37,54,25,59,48,77,64,45,15,32,55,33,47,66,80,77,18,58,64,68,2,65,49,69,3,36,26,2,6,38,52,65,40,30,3,4,3,69,13,56,32,40,27,34,71,79,39,38,79,20,34,51,74,77,36,38,17,69,41,76,80,50,27,23,53,56,18,74,67,2,36,28,43,3,42,33,58,17,3,9,69,6,14,32,32,32,7,50,43,45,1,16,1,5,75,45,63,12,41,6,6,40,54,22,44,63,34,41,15,2,63,65,30,20,71,78,8,9,23,79,7,31,59,61,46,67,21,19,53,17,54,42,24,4,13,23,0,63,65,51,39,12,18,50,80,42,32,5,27,28,47,2,0,46,78,72,46,38,77,3,8,45,58,45,3,60,48,26,25,1,67,2,16,17,68,24,6,24,19,18,16,30,21,73,13,6,23,34,18,33,60,7,22,12,0,62,18,49,50,62,66,31,31,24,58,34,35,47,38,54,23,14,20,19,77,68,79,21,24,51,20,31,21,28,78,69,43,10,4,16,26,72,16,25,14,8,30,61,59,73,2,22,61,71,11,62,24,24,21,56,10,22,64,70,63,68,73,0,24,74,19,63,6,28,16,14,22,39,38,37,49,33,76,8,77,50,68,32,9,38,34,29,30,2,13,31,50,77,35,24,73,64,1,6,54,7,75,15,27,76,62,13,7,79,27,15,78,22,21,29,4,23,26,69,68,62,39,23,18,6,3,22,79,37,50,78,38,73,55,0,46,77,74,5,30,20,6,8,3,59,1,52,61,61,24,50,24,37,0,23,1,0,17,64,69,36,80,50,57,14,45,43,40,40,10,68,43,33,16,70,45,23,12,4,24,49,35,28,77,68,28,22,30,38,63,0,64,9,11,63,0,77,54,38,37,29,37,32,13,21,35,18,68,25,65,17,58,10,1,39,33,65,63,76,38,3,66,41,68,79,32,15,16,65,38,40,6,44,20,20,65,50,45,56,49,55,26,1,43,43,42,71,16,14,0,0,75,56,51,28,80,15,38,13,27,53,74,41,60,63,13,4,19,10,69,70,34,3,38,29,76,39,11,71,49,72,71,1,14,10,54,48,12,44,5,68,7,9,40,34,52,57,24,5,67,29,2,63,27,30,16,6,72,18,75,69,16,31,28,3,51,70,75,11,54,33,55,45,44,5,23,13,24,68,13,12,12,73,55,38,46,8,71,9,53,73,9,34,30,16
31,63,80,10,46,26,24,55,9,10,31,1,56,80,62,12,22,31,48,13,3,45,38,59,9,24,4,29,0,39,18,56,48,67,78,57,44,60,47,78,27,30,76,55,27,60,22,30,16,75,72,11,11,52,72,78,50,52,23,6,25,47,13,61,80,2,2,23,9,41,64,32,29,63,68,54,59,64,60,45,36,13,41,23,31,74,34,47,68,34,49,35,5,46,44,41,7,41,48,52,28,33,21,64,43,65,10,18,57,31,41,69,32,18,23,71,29,39,63,42,0,26,77,69,3,59,79,28,41,17,64,72,79,25,71,51,10,31,59,7,25,22,52,73,64,11,27,32,67,40,1,46,26,80,31,27,41,75,28,66,58,43,74,18,7,13,46,0,14,56,47,59,58,31,13,41,2,23,55,42,73,62,70,9,46,34,42,61,53,49,11,64,52,41,9,49,35,16,24,5,61,14,70,32,80,16,8,27,20,26,79,47,10,45,35,60,38,13,58,61,48,24,11,28,4,40,33,40,61,54,71,66,19,63,16,63,64,71,7,70,66,31,25,31,9,78,67,38,32,4,80,6,68,28,55,73,20,2,38,46,45,8,7,33,7,4,60,40,76,3,59,27,12,70,50,70,10,77,28,44,49,21,57,64,7,79,25,68,29,11,76,79,4,78,34,8,59,4,46,1,48,24,66,14,65,68,8,4,78,29,2,77,4,14,25,9,58,70,13,36,44,4,6,31,5,39,79,63,0,58,15,10,42,79,15,18,1,52,51,72,55,7,19,5,31,33,9,24,25,21,22,75,79,20,44,78,66,30,56,28,24,20,16,18,28,76,73,16,40,63,53,19,66,41,9,37,72,66,48,26,6,15,69,77,33,9,33,60,46,37,42,50,66,56,73,13,68,16,6,20,61,72,50,17,36,69,30,17,60,23,21,52,44,13,46,41,74,10,34,3,35,17,3,55,5,67,60,66,18,42,45,28,75,4,21,72,40,13,35,30,44,26,78,11,39,7,2,3,48,49,71,33,20,64,60,75,45,35,14,57,71,27,6,4,65,13,48,47,30,59,78,77,10,22,46,70,54,4,33,71,9,0,56,76,58,52,61,76,10,60,20,5,30,51,55,59,42,5,17,26,15,38,14,32,76,57,72,77,29,70,34,49,28,58,15,60,56,6,4,22,26,60,70,24,21,68,41,51,19,73,36,4,64,31,75,13,48,12,1,56,80,4,70,12,45,22,39,16,53,24,18,57,35,60,45,31,65,10,46,65,65,37,53,58,74,59,56,19,48,64,25,11,11,50,44,21,35,80,35,66,38,71,54,7,49,58,5,70,13,25,79,22,53,47,75,61,40,69,13,39,16,8,26,25,36,61,39,5,58,16,65,48,27,69,11,68,36,10,51,42,2,9,53,76,21,71,5,22,74,58,7,30,26,3,41,41,17,19,4,78,52,58,74,42,26,30,55,69,44,71,58,50,49,0,15,48,21,18,35,54,58,55,26,78,32,5,60,1,6,13,17,21,33,25,40,61,35,72,62,5,10,27,54,75,72,37,22,54,27,32,71,53,33,48,66,13,30,59,79,36
72,74,44,58,13,22,67,69,7,70,16,17,17,67,40,52,3,54,23,39,2,51,75,38,62,80,34,14,6,11,70,71,31,54,6,51,17,49,80,22,1,57,4,26,68,37,14,22,3,29,69,77,75,26,3,49,55,36,19,59,3,66,13,20,22,70,39,53,8,6,25,54,3,62,9,0,80,29,76,39,47,68,4,67,22,26,35,35,36,56,30,6,2,52,71,37,9,63,77,63,59,53,40,21,25,0,6,17,16,51,40,5,79,2,27,22,27,18,38,32,64,19,45,18,3,60,49,26,48,3,5,24,70,22,21,4,23,22,56,44,78,13,22,11,74,25,61,13,5,54,13,21,42,28,37,38,66,27,80,53,53,28,7,49,28,6,42,2,39,58,45,72,15,14,0,50,70,30,39,41,39,16,75,59,49,58,66,59,70,19,51,59,39,31,9,75,14,73,9,46,62,60,27,55,67,27,23,31,62,49,60,23,25,55,74,10,32,54,42,16,23,26,6,4,68,7,23,12,18,1,57,16,35,58,6,50,50,70,52,55,50,6,78,8,21,49,67,76,78,58,30,72,75,9,79,21,51,21,75,14,30,18,45,53,23,44,44,42,73,70,8,43,2,47,30,13,21,63,70,41,57,21,17,27,37,28,78,48,80,12,50,56,63,53,2,5,7,28,51,79,6,10,17,28,61,36,30,20,41,23,79,72,61,4,58,44,45,75,20,31,18,15,34,57,65,39,8,42,20,30,26,78,31,7,25,67,32,56,36,48,26,13,2,56,58,79,42,15,41,16,49,77,71,19,25,43,2,24,72,53,0,4,6,56,55,12,3,47,10,76,66,79,47,20,10,34,18,62,69,18,37,20,50,30,14,7,62,21,47,42,2,18,62,37,19,13,69,69,13,9,6,10,46,44,34,65,14,11,52,12,41,10,66,23,76,42,51,22,32,25,13,8,42,54,11,71,21,60,5,43,44,42,38,42,10,69,71,16,56,48,57,25,31,76,11,25,41,17,23,57,57,59,14,3,73,69,41,66,65,25,77,61,39,35,51,9,17,40,67,67,5,55,4,13,9,78,46,9,19,20,32,80,43,48,44,29,76,71,67,0,66,52,39,61,76,47,64,23,42,47,30,11,44,33,63,59,74,29,12,24,8,23,9,29,31,3,68,23,71,52,73,1,32,26,23,71,69,57,80,8,43,22,64,25,32,33,29,66,20,53,79,68,21,14,39,37,66,32,31,80,20,72,75,61,27,45,8,55,14,12,4,54,3,4,36,59,21,58,18,8,18,28,36,25,57,5,21,4,35,33,68,32,4,54,14,62,41,7,4,5,69,70,1,48,32,17,38,5,44,67,26,48,74,15,23,29,77,69,40,0,41,6,36,46,46,80,21,77,12,56,28,79,80,30,21,10,38,70,79,74,1,36,65,51,26,30,27,60,40,60,75,20,14,22,9,56,18,12,15,28,67,2,48,78,52,20,61,24,9,72,56,69,46,27,15,63,19,5,24,45,20,32,28,33,33,67,62,6,1,24,15,26,60,56,62,77,8,47,45,37,1,48,55,57,45,21,26,60,33,27
41,3,3,22,49,31,50,37,23,74,19,56,5,54,16,37,38,29,1,0,78,2,20,79,3,60,10,58,8,69,22,18,48,10,19,11,37,25,46,56,73,59,76,79,79,53,29,76,14,59,61,44,33,15,62,31,52,10,52,6,41,34,2,29,63,51,62,64,40,38,64,63,10,48,15,63,60,35,29,50,6,37,64,72,16,21,59,22,47,36,14,78,66,42,39,76,76,74,34,47,60,54,25,56,40,8,39,21,0,60,12,34,77,66,16,55,3,36,79,63,78,37,72,59,60,26,4,52,54,75,39,13,47,30,6,54,64,35,5,26,55,28,6,62,72,48,8,23,21,58,29,6,32,11,35,54,53,68,20,26,56,16,6,44,67,6,64,52,69,7,1,56,31,38,78,40,47,77,63,12,10,77,47,37,63,37,35,15,35,48,62,54,9,68,37,56,61,2,80,30,40,76,4,63,22,63,41,63,44,44,22,1,42,8,34,66,77,61,60,16,29,67,79,28,11,58,9,37,28,17,28,40,69,68,50,57,21,7,52,42,17,52,21,25,47,76,50,66,11,59,15,29,48,7,38,78,53,40,1,63,24,61,23,8,12,73,38,16,17,20,51,4,60,32,20,39,0,51,64,42,2,71,10,72,8,26,5,69,8,69,37,2,62,23,8,13,42,46,10,57,75,75,30,11,77,20,41,79,24,2,33,47,54,22,45,25,5,47,24,23,2,54,9,77,38,36,80,25,31,79,13,34,61,74,70,57,32,73,79,39,15,17,47,66,32,24,28,10,18,71,24,31,3,17,49,45,30,21,58,34,16,53,3,12,74,32,40,27,24,20,58,67,13,13,67,69,35,49,69,30,49,38,30,15,17,20,65,74,1,70,27,79,59,14,66,10,24,62,74,42,33,4,59,6,29,12,57,59,21,0,54,50,80,34,37,28,9,67,10,3,32,62,11,61,56,63,56,4,59,18,70,40,61,72,14,30,46,40,69,42,58,4,80,11,10,16,31,69,49,43,27,10,11,77,34,5,75,21,73,77,57,76,39,72,50,54,61,44,10,14,20,40,16,35,68,79,70,14,39,42,54,19,12,22,18,21,2,14,32,17,7,72,60,70,52,28,13,79,35,7,48,16,16,19,64,75,36,31,26,50,8,12,60,74,53,23,20,38,45,4,26,34,59,40,22,67,2,28,52,53,75,0,76,25,48,77,78,52,57,72,8,44,67,32,15,35,11,33,18,35,28,58,8,31,0,22,73,0,74,32,37,3,73,80,19,6,33,16,10,41,59,28,73,78,39,70,5,59,5,61,7,16,49,7,5,6,17,65,2,17,74,40,6,63,25,61,80,28,80,70,52,65,50,39,14,69,39,5,43,37,24,67,45,4,29,54,31,42,16,20,59,70,5,38,72,10,59,10,50,20,41,69,28,31,35,56,78,34,78,30,1,0,64,72,80,68,21,80,73,3,66,65,15,66,2,7,36,6,23,51,73,9,28,73,26,57,25,54,61,60,27,64,31,51,53,9,57,43,32,69,18,67,76,47,63,49,18,49,15,56,35,38,27,41,63,24,51,7,2,49
2,8,44,78,10,67,29,56,37,12,2,62,74,14,59,0,8,77,30,39,31,59,31,80,11,31,15,50,9,18,7,57,35,23,35,47,77,30,13,57,18,38,2,61,71,34,11,54,19,43,21,14,50,78,56,14,37,59,8,76,43,59,45,80,58,2,26,63,28,0,16,63,69,43,39,0,65,41,74,6,18,34,80,54,52,9,51,48,17,24,40,58,45,31,1,28,60,6,50,48,33,71,44,25,25,8,67,11,5,1,21,22,79,10,78,3,59,21,20,65,49,46,35,0,4,70,56,16,55,42,50,12,63,23,79,26,77,34,59,18,55,39,7,56,42,51,64,64,1,31,19,5,65,34,4,22,22,1,76,36,29,66,19,36,69,11,47,28,55,43,52,22,43,21,18,71,45,42,5,2,20,8,51,11,6,16,22,47,3,24,6,57,7,20,5,27,13,47,32,26,73,74,60,60,64,58,12,55,0,47,35,33,34,2,38,64,58,75,15,24,77,75,21,50,51,39,40,75,37,48,19,80,11,59,45,16,64,50,7,78,19,14,59,51,35,61,79,79,48,62,40,77,37,38,55,20,5,17,1,54,28,44,45,20,6,75,43,25,37,69,18,10,37,17,17,26,24,17,58,53,75,16,53,34,37,12,43,70,18,16,49,42,44,77,55,15,34,33,49,36,6,74,20,8,55,55,65,78,31,21,4,18,32,11,12,43,28,57,69,46,0,11,45,55,29,53,23,29,2,7,16,3,31,52,70,74,28,18,42,40,47,70,70,75,21,73,58,15,61,9,63,18,61,37,43,55,78,21,24,28,25,5,13,22,71,8,57,76,63,27,11,8,11,43,68,48,78,52,55,15,49,32,47,55,5,79,61,79,25,15,1,11,2,18,44,32,58,67,39,60,17,60,26,58,55,0,38,52,62,48,40,73,57,13,77,71,7,62,71,23,33,45,22,53,28,74,40,71,15,5,8,36,50,4,73,80,50,47,19,3,29,7,72,46,58,49,67,30,69,50,38,41,10,58,77,25,71,0,58,71,34,2,28,28,12,80,20,23,6,71,50,33,68,62,7,25,72,54,28,52,67,17,70,11,60,68,11,53,16,7,29,32,48,55,20,47,45,43,13,11,72,37,63,78,8,34,17,69,30,76,47,74,45,16,70,16,59,63,40,47,14,6,5,47,9,7,69,63,28,61,28,65,75,32,69,34,22,67,11,22,62,33,58,22,35,3,19,38,52,74,69,47,52,66,29,70,9,37,56,24,19,48,0,8,43,21,61,50,45,78,5,4,0,50,11,43,5,23,70,70,23,45,61,8,18,19,9,18,32,20,75,50,51,3,8,64,77,23,62,7,66,41,23,49,25,60,65,63,16,73,31,41,10,67,28,71,55,31,25,39,14,61,15,57,36,26,12,23,27,2,64,49,53,0,41,14,67,8,27,17,22,2,72,35,71,68,50,2,15,77,36,78,7,32,43,43,73,43,14,15,45,5,4,5,49,40,2,56,51,77,35,61,80,13,51,21,60,59,22,52,62,52,41,36,63,1,4,70,39,2,65,5,17,73,60,51,56,48,45,36
43,0,55,6,53,44,32,77,36,4,28,16,42,69,30,15,55,64,55,48,77,48,59,54,79,12,14,56,0,78,37,7,0,24,15,66,72,31,66,42,58,26,28,41,75,39,40,7,76,51,77,35,3,26,76,46,9,8,46,70,69,37,56,3,64,47,25,22,54,23,1,16,29,42,11,4,1,11,33,58,73,54,44,46,44,56,57,80,19,76,46,13,2,54,67,71,40,50,55,35,4,31,77,5,74,59,15,34,78,33,79,55,73,58,75,51,7,9,6,27,17,72,25,2,68,43,9,34,40,39,0,36,16,7,46,33,10,43,79,20,26,41,57,48,3,13,50,41,72,42,18,12,79,34,3,25,59,79,26,76,15,15,74,24,37,74,52,74,48,75,54,47,66,53,78,16,43,77,29,6,24,17,6,71,79,79,19,8,12,40,18,6,68,16,42,27,10,18,76,76,69,46,58,1,4,62,33,72,15,5,48,1,38,20,22,28,1,7,24,16,0,20,53,74,71,47,41,65,4,19,65,80,24,1,65,55,1,50,31,26,24,0,10,68,21,16,69,39,70,35,19,8,70,19,37,57,43,76,66,51,67,17,60,28,21,49,65,43,68,72,66,24,34,28,52,28,59,59,13,36,74,35,0,39,44,7,2,65,8,22,20,44,35,26,17,69,9,50,50,28,26,44,55,54,27,6,3,31,12,71,57,58,61,28,15,72,4,55,57,13,67,10,26,13,39,24,21,2,17,16,57,35,41,19,63,40,53,71,38,20,41,26,22,67,50,53,10,61,39,14,39,7,78,80,20,73,46,75,66,56,17,58,77,17,15,2,60,74,55,34,70,73,6,61,8,32,35,17,54,72,53,5,25,34,54,68,45,64,60,77,80,63,49,49,80,71,5,3,5,21,75,1,80,53,69,50,16,37,77,19,43,58,56,4,13,9,61,66,27,20,46,0,72,69,77,40,37,8,13,41,9,27,20,15,75,44,74,24,76,22,35,5,66,51,67,54,2,58,28,60,52,12,44,46,1,25,8,18,29,22,21,37,36,1,12,77,13,79,23,56,28,33,14,30,60,38,32,69,3,16,79,62,28,33,36,23,27,20,10,63,66,49,0,52,19,13,3,80,11,16,37,34,45,6,14,76,20,18,60,77,18,61,65,61,3,19,49,30,64,53,73,7,63,27,54,77,25,4,57,45,52,23,60,76,56,0,26,19,9,32,51,77,59,76,40,48,17,18,3,53,62,49,69,65,27,37,46,53,11,60,20,75,48,15,12,63,61,10,37,46,50,60,62,18,73,27,52,57,80,46,52,44,41,53,78,47,17,28,47,70,24,35,44,30,37,8,54,12,57,31,40,31,50,45,12,79,57,19,27,64,62,32,73,72,65,7,59,11,14,13,45,18,12,35,3,29,57,78,22,23,19,61,22,29,25,68,43,27,77,35,7,0,42,53,24,2,4,7,13,36,53,10,25,48,19,39,5,48,67,26,80,75,59,75,39,80,39,56,58,14,76,23,51,2,61,6,25,75,56,62,70,71,75,45,75,65,38,31,76,6,63,56,62,23,47,8,70,3,22,10
5,70,79,17,66,9,6,78,22,68,3,9,42,61,65,21,66,23,49,35,14,23,52,46,5,7,8,39,54,45,7,79,3,42,28,31,43,19,45,34,51,23,26,42,76,16,0,18,44,60,23,17,26,44,27,58,18,42,41,69,35,76,59,79,49,62,9,60,53,31,33,8,10,1,16,14,17,80,4,9,4,28,48,5,26,80,21,54,37,25,40,69,70,64,57,29,26,57,48,3,73,48,55,29,29,60,3,71,26,80,59,8,38,1,29,2,60,28,36,27,68,28,30,42,70,15,32,41,37,45,3,68,18,66,40,66,29,42,23,28,29,70,58,76,30,30,2,70,18,55,20,46,54,32,37,68,8,65,78,67,2,13,79,5,33,27,66,3,9,13,50,60,9,71,45,26,58,13,0,76,0,2,24,63,54,61,68,55,39,27,47,1,6,73,42,21,30,22,50,35,80,13,79,48,15,4,50,14,57,25,27,16,75,25,13,24,13,23,65,56,7,51,0,33,49,36,59,38,56,13,73,25,28,62,16,6,69,25,32,19,23,59,39,39,59,23,43,35,2,62,68,18,66,42,19,29,80,9,40,26,63,53,22,59,68,5,59,15,70,27,6,13,37,2,32,20,74,66,67,71,23,69,41,58,77,72,63,75,46,57,58,19,61,57,18,13,21,51,15,79,54,24,77,42,18,33,40,35,73,37,4,21,4,22,42,14,46,45,1,72,67,69,12,31,18,67,69,27,2,33,5,66,0,57,77,22,32,68,17,55,53,43,75,14,39,74,68,15,61,47,63,6,71,11,37,69,77,79,36,65,6,45,75,6,66,4,10,10,55,24,36,29,63,40,46,78,64,64,71,38,32,74,5,0,56,30,32,23,8,36,78,47,48,35,53,5,4,68,59,19,45,6,51,77,75,17,17,29,69,24,36,11,0,48,58,72,6,11,17,16,14,52,75,36,18,56,73,71,3,64,27,7,1,27,55,67,72,50,27,58,7,78,75,49,33,21,32,38,62,8,10,0,35,26,8,27,15,69,28,25,22,72,31,65,68,31,78,30,15,78,46,63,74,51,22,4,34,62,28,8,12,5,21,47,61,28,46,56,70,3,21,21,4,1,30,21,18,27,70,67,51,57,52,44,34,4,5,27,6,37,35,56,36,35,58,76,11,79,3,80,46,74,2,33,14,31,79,58,30,55,49,0,67,67,29,60,74,19,28,36,63,80,77,2,4,77,71,79,37,14,37,31,69,59,15,40,46,12,52,27,7,15,62,47,71,73,62,60,74,71,11,32,6,79,17,60,3,42,37,22,43,7,79,40,7,7,46,12,50,12,0,1,63,31,40,61,73,0,57,52,12,64,46,71,45,76,38,68,25,20,21,58,29,36,63,5,4,40,60,80,7,14,44,25,16,32,33,24,63,78,38,80,79,7,2,21,15,11,30,64,4,11,18,60,74,75,5,47,6,6,67,37,44,63,18,38,17,1,17,52,13,14,33,53,59,74,34,28,34,44,78,19,61,18,17,0,64,70,31,53,9,72,34,13,5,9,43,68,55,79,53,5,23,13,7,27,36,67,14,24
34,29,60,58,30,6,24,60,34,65,45,12,32,22,60,77,49,72,54,27,35,3,36,51,2,36,60,56,68,56,75,69,33,74,69,77,1,78,42,20,52,64,55,78,80,50,32,4,9,29,72,26,52,73,41,62,20,73,78,9,62,9,4,71,14,32,69,58,7,25,46,2,58,28,44,17,49,59,24,52,68,52,13,48,18,48,30,58,48,12,25,30,20,16,14,29,30,12,64,1,36,62,7,29,56,1,64,20,75,71,29,60,24,62,40,58,59,40,76,53,40,17,24,32,9,15,20,3,30,37,38,28,3,0,14,11,35,78,42,53,12,75,76,67,65,62,39,66,51,7,76,42,48,17,49,60,31,10,43,42,57,73,13,46,51,48,80,16,19,77,24,5,7,35,30,16,41,61,19,9,15,22,17,51,51,54,69,35,43,79,73,79,74,47,33,65,46,35,4,60,40,50,10,26,13,15,78,8,60,72,0,32,29,10,75,44,25,19,50,79,51,80,75,39,59,73,29,20,43,51,23,73,43,12,76,77,45,52,64,37,15,14,58,18,38,50,34,75,79,65,12,53,10,0,2,50,46,57,57,0,58,36,16,10,54,49,59,20,49,4,23,4,28,12,13,7,74,78,37,10,41,66,25,8,75,69,51,17,12,20,21,1,54,11,71,36,44,68,5,34,44,18,6,71,48,23,27,52,64,59,21,27,25,15,73,65,1,56,21,70,25,66,80,11,44,35,16,55,55,20,73,8,30,18,7,62,49,52,53,50,57,39,70,20,13,52,72,31,10,30,55,12,73,33,63,57,50,75,49,68,80,33,58,58,79,11,17,44,23,20,46,18,43,16,79,16,6,14,28,15,17,10,62,29,46,35,25,9,76,24,7,28,47,67,5,20,48,63,75,60,61,59,48,80,47,18,36,64,14,29,72,12,53,20,72,78,32,59,20,27,25,18,46,5,30,54,35,21,67,34,74,72,71,58,19,22,24,35,57,25,36,9,21,24,28,13,36,78,69,25,45,37,1,16,76,8,80,67,52,71,10,76,1,25,78,32,37,25,16,46,60,64,60,23,60,39,39,56,46,9,32,67,56,64,47,25,32,25,66,10,0,54,55,43,75,64,39,49,63,5,67,21,28,0,9,59,44,35,0,8,8,3,15,60,12,58,45,9,70,25,49,3,70,27,24,40,59,66,49,58,27,71,14,58,79,49,65,4,65,74,55,78,6,2,45,44,11,46,3,36,19,31,7,39,0,0,2,33,80,5,22,23,4,58,34,56,13,10,57,24,16,50,57,47,63,56,56,50,69,31,59,15,42,31,20,72,48,53,12,0,5,57,18,78,12,77,49,4,72,12,58,8,11,1,0,55,25,38,51,30,65,24,14,29,63,35,72,13,1,65,51,61,50,2,45,11,14,9,72,53,32,38,31,53,68,19,58,69,55,19,53,33,35,4,33,16,57,16,71,51,78,71,13,16,15,68,41,46,0,0,24,13,9,58,25,76,37,43,23,35,48,22,65,22,3,2,72,46,54,25,56,8,11,45,9,80,51,31,41,43,37,44,24,18,50,10,45,54,4,68
54,54,65,77,68,80,3,76,74,70,30,58,52,58,16,24,49,9,78,75,67,63,3,17,19,42,1,64,16,47,33,6,24,28,60,12,18,66,4,64,72,2,55,30,38,33,54,30,56,30,25,73,35,48,77,64,72,56,50,11,32,62,63,14,78,9,63,22,19,54,52,49,12,38,3,40,69,60,80,36,14,50,35,23,26,29,57,10,68,20,7,38,27,58,0,15,27,62,53,23,28,62,14,43,53,44,5,0,53,33,22,21,27,19,43,53,43,32,22,79,60,15,45,76,31,39,14,7,22,8,19,27,41,47,52,6,30,74,19,15,31,5,49,28,46,43,47,22,44,59,39,2,8,28,20,34,68,4,60,57,5,15,53,74,20,43,42,49,44,26,55,67,66,46,55,44,17,50,32,4,36,31,19,23,65,46,63,72,20,11,4,61,8,12,51,49,79,0,26,37,63,19,28,12,75,67,7,1,50,10,74,11,8,8,21,26,45,7,10,12,24,29,18,70,21,45,66,66,1,2,49,64,6,68,60,75,21,32,32,48,4,70,29,7,68,42,80,44,42,14,31,4,32,26,69,48,26,18,66,65,41,23,73,72,3,64,8,39,66,56,36,45,78,80,74,64,41,5,63,16,78,47,70,29,37,36,11,10,30,30,49,24,18,49,68,17,20,54,11,37,60,2,58,44,67,31,53,17,46,28,2,40,72,60,7,2,22,25,3,43,36,18,41,6,78,24,68,75,0,80,60,32,15,1,52,70,35,39,73,44,4,8,8,67,51,11,1,41,67,53,1,8,42,63,9,50,39,60,9,43,53,14,60,43,20,8,66,30,16,49,21,4,34,65,25,44,71,71,68,30,4,4,19,35,32,76,70,56,27,30,56,9,73,49,0,76,39,34,77,8,57,21,65,53,6,20,55,21,0,71,22,79,36,80,52,33,21,8,44,20,16,79,44,27,56,59,13,9,5,59,58,8,30,52,22,10,67,25,60,28,11,77,76,46,41,79,73,38,5,31,26,47,40,43,16,46,11,43,63,77,23,73,9,37,35,18,52,25,8,62,61,21,45,53,20,25,35,48,51,21,63,23,57,49,50,19,35,32,31,66,64,3,29,74,30,74,20,9,27,20,58,56,72,47,8,77,15,20,62,64,21,62,64,60,76,3,16,0,1,24,40,56,17,48,69,55,70,70,45,19,23,0,42,80,10,39,6,55,73,61,33,55,29,12,25,50,51,5,63,31,23,77,10,71,30,80,70,35,47,53,41,75,52,77,58,50,14,57,17,16,46,54,79,19,1,76,36,43,1,57,59,14,32,9,20,29,19,2,73,2,29,68,55,22,65,79,71,33,68,56,67,45,16,21,26,0,68,76,55,14,5,46,28,77,47,36,54,48,32,49,29,4,31,38,14,32,55,70,26,55,49,76,60,18,72,69,33,69,53,75,72,70,73,8,68,57,52,52,2,65,8,70,70,18,71,0,51,36,1,44,31,67,65,36,23,31,63,66,38,77,48,69,15,80,78,48,50,67,52,26,10,55,77,36,21,73,32,29,10,46,52,76,23,51,15,19,14,56,18,23
54,43,68,56,43,80,4,74,61,44,16,37,72,65,39,30,48,47,44,64,31,53,62,48,5,42,43,1,47,31,30,46,28,30,50,77,20,67,4,79,69,61,80,12,10,4,11,12,48,10,61,57,62,39,13,63,35,14,8,24,65,79,5,49,13,19,40,15,43,11,76,72,6,41,29,65,39,5,66,68,25,67,49,26,54,2,17,48,48,59,75,38,61,23,32,46,21,18,24,58,74,8,79,16,61,4,9,57,47,9,32,60,27,26,16,42,13,1,16,16,58,24,6,46,39,57,10,52,31,2,6,52,76,45,56,40,37,21,73,24,42,39,33,15,42,23,60,21,16,70,12,30,12,46,56,70,0,40,36,74,52,31,43,9,59,23,77,3,17,8,24,46,64,58,14,8,25,58,22,32,21,50,2,21,46,8,57,75,58,64,63,61,69,48,7,33,30,24,25,78,48,14,55,62,10,58,3,26,22,26,59,23,58,74,41,79,32,39,40,72,18,5,20,43,62,15,19,4,12,19,3,1,75,75,54,55,60,36,80,13,57,47,5,40,19,79,28,31,54,26,53,30,62,3,79,24,61,33,39,2,0,78,7,54,8,14,59,48,9,0,55,68,68,27,66,48,6,50,54,76,80,8,79,19,11,10,59,62,32,44,16,71,40,3,29,13,6,56,76,78,75,38,30,39,15,41,48,37,40,49,60,28,31,79,27,74,22,60,28,77,58,20,74,47,67,27,66,22,51,23,21,32,40,71,72,67,63,6,46,0,78,30,13,15,61,68,25,33,76,41,32,53,1,71,47,12,18,25,0,50,15,57,60,32,21,37,41,10,13,76,75,69,42,12,70,19,12,17,3,70,76,52,53,15,65,29,6,24,9,34,23,25,47,13,45,72,49,78,65,73,4,15,78,31,72,13,6,53,9,77,33,24,17,58,16,34,41,2,78,74,45,6,54,50,75,67,17,34,60,65,62,21,41,57,55,73,54,55,78,41,22,21,6,3,8,6,54,19,8,31,23,79,0,24,1,10,43,79,20,59,10,47,62,26,42,42,40,41,68,58,28,75,32,35,39,8,16,7,20,17,11,16,45,20,13,62,48,51,37,57,24,30,0,42,2,69,64,49,15,69,5,69,6,7,31,77,44,13,43,44,72,38,76,66,36,18,64,66,30,6,26,37,27,37,31,4,11,7,24,60,44,35,22,49,9,66,3,8,22,31,26,79,74,12,9,8,14,23,49,52,11,32,1,58,3,25,63,31,20,18,80,40,27,45,31,27,79,40,70,70,29,69,23,31,17,70,53,66,17,77,22,6,43,31,79,31,5,39,20,80,33,53,16,64,17,61,80,74,48,10,54,10,58,19,44,11,53,35,80,59,38,0,23,75,16,60,50,30,68,59,5,1,80,28,5,24,29,1,37,70,61,45,43,42,25,28,11,46,16,34,59,66,33,9,28,34,61,20,29,1,50,60,0,62,12,26,76,22,22,78,11,29,39,48,71,52,67,36,77,56,78,62,24,22,11,8,8,26,79,35,47,49,76,10,61,43,76,2,11,7,37,54,53,40,54,63,7,68,41,24
52,7,60,70,66,27,76,11,14,47,2,59,61,24,15,80,22,44,35,13,64,70,57,74,45,72,12,20,57,15,14,63,20,78,14,74,50,67,17,32,77,31,30,17,53,43,68,4,29,46,68,6,66,67,34,73,58,8,39,11,5,35,63,69,18,36,23,57,74,52,40,56,50,42,71,30,72,33,11,32,47,2,66,3,0,70,35,0,11,28,40,35,29,23,42,29,59,71,29,25,27,21,79,7,52,49,15,63,6,22,68,44,15,69,40,6,74,52,30,5,15,18,74,62,73,67,34,65,16,41,12,78,47,42,48,39,28,63,76,24,32,71,30,3,71,35,13,66,35,12,43,65,3,36,26,12,42,29,15,11,1,67,17,45,43,65,21,1,40,36,0,29,74,31,76,80,37,44,8,8,1,62,54,7,28,47,73,36,25,34,77,56,30,12,45,14,79,58,42,40,62,50,43,0,49,5,63,34,70,20,34,18,30,12,38,17,77,31,0,6,52,35,15,71,34,15,35,36,69,23,24,3,11,67,66,28,63,78,24,71,10,50,64,2,29,28,60,2,74,65,21,47,5,50,62,32,45,17,34,36,3,78,59,5,61,71,46,62,2,15,32,12,44,32,80,23,42,44,11,33,35,8,62,54,28,10,71,19,39,31,28,68,8,18,36,67,7,31,31,58,53,17,2,11,31,0,70,28,41,38,6,62,67,22,65,57,72,37,27,64,43,62,0,18,21,68,1,24,51,55,60,45,54,24,43,80,22,45,44,67,46,62,53,32,63,62,5,2,0,2,60,61,64,27,17,23,33,4,52,71,17,64,45,42,45,24,69,47,76,64,47,29,77,45,28,34,18,70,8,39,49,2,13,46,21,36,48,68,16,11,27,42,12,7,28,11,14,31,27,63,72,66,4,51,80,26,27,59,50,4,65,76,77,3,5,75,19,44,54,66,76,40,26,9,30,26,22,9,27,42,80,3,74,25,6,4,36,50,10,3,46,49,27,72,58,67,36,43,77,62,46,4,14,46,45,59,67,32,79,80,55,12,66,22,21,71,58,66,43,71,68,11,23,60,19,2,9,9,46,67,51,2,38,30,68,64,7,77,1,70,32,33,28,17,59,33,32,7,49,55,1,52,7,2,39,60,62,47,46,73,66,70,34,63,60,76,9,9,18,32,29,60,71,67,41,67,73,7,1,1,35,1,62,36,78,24,68,2,8,14,26,24,71,74,19,47,60,42,26,32,61,40,73,4,9,67,31,70,69,66,80,1,19,11,38,67,37,35,19,49,22,4,55,0,27,32,29,70,28,25,43,27,47,18,65,3,44,23,22,19,49,74,69,53,13,51,61,41,45,74,8,25,16,47,55,25,10,29,80,13,18,62,15,64,45,1,66,5,50,58,17,5,44,3,77,70,64,45,37,25,65,55,14,72,39,54,29,43,38,2,69,2,10,28,28,21,44,1,39,37,29,12,14,23,53,0,63,18,19,11,37,65,51,50,66,78,15,32,39,27,38,69,8,19,1,74,8,24,7,1,39,14,4,70,31,24,29,12,28,34,37,7,20,38,1,18,43,78,29,49